amount,hour_of_day,is_foreign,num_transactions_last_hour,is_fraud
46.93,19,0,1,0
301.01,14,0,2,0
131.67,10,0,0,0
91.29,14,0,2,0
16.96,19,0,3,0
16.96,21,1,0,0
5.98,15,0,0,0
201.12,17,0,0,0
91.91,13,0,3,0
123.13,17,0,0,0
2.08,16,0,1,0
350.36,20,0,0,0
178.64,13,0,1,0
23.87,19,0,0,0
20.07,16,0,1,0
20.26,20,0,1,0
36.28,11,0,0,0
74.39,15,0,0,0
56.55,18,0,1,0
34.42,11,0,1,0
94.64,9,1,0,0
15.02,17,0,1,0
34.55,18,0,1,0
45.63,16,0,2,0
60.89,12,0,1,0
153.79,11,0,4,0
22.27,9,0,1,0
72.2,8,0,0,0
89.75,18,0,3,0
4.76,14,0,2,0
93.53,13,1,1,0
18.7,9,0,0,0
6.73,15,0,4,0
297.37,18,0,1,0
337.06,11,0,1,0
165.23,15,0,1,0
36.33,14,0,0,0
10.28,12,0,1,0
115.28,17,0,1,0
58.01,17,0,1,0
13.02,19,0,0,0
68.35,15,0,0,0
3.5,21,0,1,0
240.04,16,0,0,0
29.95,12,0,1,0
108.63,17,0,2,0
37.35,12,0,2,0
73.41,9,0,1,0
79.12,12,0,1,0
20.44,10,0,2,0
349.28,14,0,1,0
149.22,17,0,1,0
280.51,12,0,3,0
225.22,15,0,2,0
91.11,8,0,2,0
254.94,10,1,0,0
9.27,10,1,2,0
21.81,16,0,1,0
4.63,12,0,1,0
39.35,19,0,2,0
49.21,16,1,2,0
31.66,20,0,2,0
176.46,16,0,0,0
44.12,8,0,0,0
32.98,9,0,0,0
78.24,12,0,2,0
15.19,11,0,0,0
162.05,17,0,0,0
7.75,16,0,1,0
433.41,14,0,2,0
147.95,13,0,2,0
22.15,14,0,1,0
0.55,8,0,0,0
168.99,8,0,1,0
122.71,15,0,0,0
130.57,20,0,0,0
147.52,20,0,0,0
7.69,9,0,1,0
44.39,19,0,1,0
12.32,17,0,1,0
198.85,18,0,1,0
97.63,16,0,2,0
40.18,14,0,1,0
6.57,13,0,1,0
37.25,8,0,1,0
39.33,8,0,3,0
130.79,9,0,1,0
101.49,13,0,1,0
218.23,21,0,1,0
63.91,13,0,0,0
12.74,9,0,2,0
124.91,8,0,1,0
143.04,17,0,0,0
82.39,12,0,1,0
147.39,12,0,0,0
68.08,9,0,0,0
73.97,13,0,0,0
55.78,16,0,0,0
2.57,9,0,2,0
11.42,17,0,2,0
3.19,9,0,2,0
101.17,10,1,0,0
37.74,20,0,2,0
71.04,14,0,0,0
238.13,13,0,1,0
28.67,19,0,2,0
52.83,15,0,1,0
140.87,15,0,1,0
25.98,13,0,3,0
8.01,19,0,0,0
34.21,18,0,2,0
17.58,17,0,2,0
265.5,10,0,1,0
165.09,10,0,1,0
100.35,8,0,1,0
205.15,14,0,2,0
162.8,12,0,0,0
20.65,11,0,1,0
223.08,17,0,0,0
77.51,11,0,1,0
164.73,21,0,0,0
226.42,11,0,1,0
38.27,13,0,2,0
11.66,15,0,1,0
25.87,15,0,2,0
55.71,12,0,1,0
170.38,13,0,0,0
197.13,11,0,1,0
0.7,19,0,1,0
71.49,21,0,2,0
54.03,18,0,0,0
25.12,20,0,3,0
12.77,16,0,1,0
41.19,15,0,0,0
286.31,17,0,1,0
39.04,19,0,0,0
73.15,17,0,1,0
121.41,8,0,0,0
45.2,9,0,1,0
356.78,16,0,0,0
328.2,15,0,0,0
29.01,21,0,2,0
68.77,10,0,2,0
35.79,15,0,2,0
33.52,19,0,0,0
3.76,8,0,1,0
94.05,17,0,2,0
69.85,11,0,1,0
5.29,10,0,2,0
32.66,13,0,0,0
238.89,14,0,1,0
27.39,11,0,0,0
15.65,14,1,0,0
67.23,16,0,1,0
424.4,18,0,0,0
27.71,9,0,0,0
111.52,18,0,0,0
143.39,10,0,0,0
27.13,12,1,1,0
130.27,10,0,0,0
45.85,18,0,0,0
100.05,15,0,2,0
100.38,19,0,1,0
76.74,17,0,0,0
9.46,15,0,0,0
180.36,15,1,0,0
38.68,19,0,2,0
20.64,19,0,1,0
4.16,16,0,1,0
89.38,11,0,0,0
113.19,12,0,1,0
1.67,12,0,1,0
71.76,15,0,2,0
25.68,14,0,1,0
103.61,16,0,1,0
19.16,21,0,2,0
117.42,15,0,3,0
48.9,9,0,2,0
276.03,17,0,1,0
14.79,19,0,2,0
41.71,11,0,1,0
12.04,13,0,0,0
258.62,19,0,0,0
209.83,9,0,1,0
29.83,14,0,0,0
107.88,10,0,1,0
169.95,20,0,0,0
81.01,10,0,1,0
75.43,18,0,3,0
27.69,9,0,3,0
9.77,18,0,2,0
227.51,15,0,1,0
230.68,13,0,1,0
100.27,8,0,1,0
41.4,19,0,1,0
42.96,8,0,1,0
129.45,14,0,2,0
227.41,15,0,0,0
218.11,12,0,0,0
151.36,19,0,2,0
102.73,18,1,0,0
8.79,12,0,3,0
17.63,11,0,0,0
228.82,21,0,0,0
93.25,13,0,0,0
0.92,21,0,0,0
10.7,13,0,0,0
108.92,10,0,0,0
0.51,16,0,1,0
17.53,19,0,2,0
79.57,18,0,0,0
117.73,21,0,1,0
105.54,14,0,1,0
25.39,8,0,1,0
124.54,20,0,0,0
27.08,14,0,1,0
39.36,12,1,5,0
137.24,12,0,2,0
104.88,21,0,0,0
189.2,20,0,3,0
107.18,9,0,0,0
84.0,11,0,0,0
9.84,19,0,2,0
45.84,13,0,0,0
30.82,17,0,1,0
27.97,18,0,2,0
361.23,14,0,1,0
49.94,18,0,1,0
222.61,12,1,1,0
99.73,16,0,2,0
158.38,10,0,0,0
69.84,8,0,0,0
86.02,11,0,0,0
67.83,16,0,1,0
21.72,11,0,3,0
128.18,9,0,1,0
32.96,17,0,2,0
2.46,21,0,1,0
103.7,21,0,1,0
19.49,12,0,1,0
282.11,10,0,0,0
307.76,20,0,3,0
246.35,19,0,2,0
46.23,20,0,1,0
1.56,16,0,2,0
263.55,11,0,0,0
55.89,13,0,0,0
340.08,9,0,0,0
331.37,13,0,2,0
191.74,10,0,0,0
34.88,19,0,2,0
48.63,19,0,0,0
190.47,16,0,1,0
38.11,18,0,0,0
18.57,9,0,2,0
81.37,19,0,2,0
275.13,19,0,0,0
119.08,16,0,0,0
84.41,12,1,0,0
10.22,15,1,3,0
95.45,9,0,0,0
461.06,13,0,0,0
15.09,10,0,2,0
73.05,19,0,3,0
209.86,19,0,2,0
135.0,21,0,1,0
119.41,17,1,1,0
121.23,12,0,1,0
44.55,19,0,1,0
34.76,15,0,0,0
165.74,17,0,2,0
166.13,21,1,0,0
201.8,8,0,2,0
244.46,12,0,0,0
71.61,10,0,1,0
69.62,11,0,0,0
160.09,9,0,2,0
104.97,16,0,0,0
121.06,10,0,1,0
158.86,9,0,1,0
220.73,17,0,0,0
41.25,18,0,0,0
47.09,16,0,1,0
9.87,14,0,1,0
86.34,13,0,1,0
3.66,8,0,2,0
62.66,12,0,3,0
78.23,19,0,0,0
33.76,18,0,0,0
89.36,21,0,0,0
3.1,18,0,0,0
3.81,10,0,0,0
172.94,8,0,0,0
44.66,11,0,1,0
13.59,20,0,0,0
73.87,9,1,0,0
146.96,9,0,1,0
24.31,10,0,0,0
97.52,15,0,0,0
8.92,15,0,2,0
5.31,19,0,1,0
75.79,14,0,2,0
77.79,13,1,0,0
101.45,16,1,0,0
129.5,11,0,2,0
372.36,19,0,2,0
72.63,8,0,4,0
39.0,15,1,0,0
158.57,14,1,1,0
31.59,14,0,2,0
57.8,10,0,1,0
8.17,11,0,1,0
2.57,17,0,3,0
328.74,16,0,2,0
180.78,13,0,0,0
119.06,12,0,0,0
52.59,10,0,3,0
19.03,16,0,1,0
17.01,12,1,1,0
28.8,12,0,0,0
79.68,21,0,1,0
125.38,11,0,1,0
107.94,21,0,1,0
32.84,11,0,0,0
309.81,19,0,1,0
133.9,8,0,2,0
80.82,14,0,0,0
94.6,16,0,3,0
54.4,10,0,1,0
28.47,19,0,2,0
44.0,20,0,0,0
141.82,9,0,0,0
1.45,10,0,0,0
12.34,8,0,1,0
4.71,13,0,0,0
4.16,18,0,0,0
193.42,18,0,2,0
121.62,14,0,0,0
64.28,18,0,2,0
10.3,18,0,0,0
67.65,9,1,0,0
64.15,15,0,0,0
19.02,21,0,2,0
56.89,13,0,2,0
50.83,21,0,1,0
95.67,11,0,0,0
100.81,12,0,1,0
4.64,15,1,0,0
46.94,21,0,2,0
98.31,10,0,1,0
69.94,10,0,3,0
194.13,21,0,2,0
107.5,21,0,0,0
17.79,18,0,0,0
7.32,11,0,0,0
102.84,8,0,1,0
2.69,16,0,0,0
88.13,15,0,1,0
281.73,15,0,1,0
85.68,21,0,3,0
49.13,17,0,1,0
103.08,13,0,0,0
61.3,14,0,0,0
78.88,13,0,1,0
283.81,16,0,1,0
48.79,10,0,1,0
324.91,21,1,1,0
235.76,10,0,0,0
21.79,10,0,2,0
7.19,17,0,0,0
10.62,10,1,2,0
1.84,16,0,0,0
9.92,19,0,2,0
114.89,11,0,1,0
7.38,20,0,1,0
38.42,14,0,2,0
186.35,21,1,3,0
2.35,16,0,2,0
168.45,18,0,0,0
33.11,19,1,1,0
12.58,14,0,1,0
119.32,16,0,2,0
99.14,19,0,1,0
209.94,10,0,1,0
132.83,11,0,1,0
162.7,21,0,1,0
33.13,15,0,0,0
19.53,13,0,2,0
138.88,12,0,1,0
164.42,20,0,0,0
465.7,11,1,2,0
53.21,15,0,1,0
46.52,8,1,1,0
149.8,21,0,1,0
41.67,16,0,3,0
267.01,8,0,1,0
195.48,15,0,0,0
56.04,11,0,0,0
138.98,16,0,2,0
140.46,21,0,1,0
10.88,18,0,0,0
232.84,12,0,0,0
70.37,10,0,1,0
175.13,16,0,0,0
38.57,18,0,2,0
225.88,21,0,0,0
49.3,21,0,0,0
1.09,16,0,2,0
235.79,11,0,0,0
9.57,18,0,2,0
38.47,11,0,1,0
299.7,19,0,1,0
300.79,15,0,1,0
85.2,9,0,2,0
99.92,16,0,3,0
59.5,20,0,3,0
34.7,21,0,2,0
39.85,13,0,1,0
111.63,16,0,0,0
139.58,15,0,1,0
156.82,14,0,1,0
155.88,20,0,1,0
9.56,21,0,0,0
68.2,8,0,0,0
5.93,21,0,2,0
79.75,19,0,1,0
58.26,10,0,1,0
218.66,18,0,1,0
43.22,21,0,1,0
12.45,9,0,2,0
15.43,12,0,1,0
143.34,12,0,2,0
96.29,12,0,2,0
10.66,11,0,1,0
8.79,12,0,3,0
120.72,10,0,1,0
7.55,19,0,0,0
172.52,8,1,1,0
122.5,12,0,0,0
8.48,20,0,1,0
8.87,16,0,1,0
431.55,20,0,0,0
46.88,16,0,0,0
46.31,11,0,1,0
167.56,10,0,1,0
294.22,8,0,1,0
426.88,9,0,1,0
139.99,15,0,1,0
47.2,8,0,2,0
8.72,15,0,2,0
150.12,20,0,1,0
81.74,14,0,2,0
55.2,15,0,3,0
236.82,19,0,2,0
11.79,13,1,2,0
67.85,19,0,2,0
1.14,21,0,1,0
63.24,16,0,1,0
5.8,10,0,0,0
12.65,17,0,2,0
12.5,11,0,0,0
104.76,20,0,0,0
137.06,13,0,1,0
87.56,15,0,0,0
327.47,12,0,1,0
46.98,10,0,0,0
33.65,13,0,0,0
202.95,11,0,1,0
25.31,16,0,0,0
330.29,20,0,2,0
1.22,10,0,0,0
350.25,11,0,0,0
4.41,14,1,1,0
221.77,14,1,0,0
75.01,19,0,1,0
495.68,19,0,1,0
7.67,11,0,0,0
80.71,13,0,1,0
348.36,19,0,1,0
74.04,20,0,1,0
99.26,10,0,1,0
118.99,13,0,1,0
60.61,19,0,1,0
98.77,9,0,0,0
87.78,15,0,1,0
231.42,9,0,0,0
4.65,18,0,2,0
32.98,14,0,2,0
300.4,16,0,3,0
220.97,8,0,1,0
60.82,15,0,0,0
96.79,14,0,0,0
32.49,13,0,3,0
20.84,13,0,0,0
62.31,13,0,0,0
43.6,16,0,0,0
87.62,9,0,1,0
8.09,8,0,1,0
366.5,20,0,0,0
428.39,19,0,0,0
119.79,13,1,2,0
76.81,17,0,2,0
37.04,18,0,0,0
168.09,15,0,2,0
115.43,10,0,1,0
17.75,19,1,2,0
241.83,17,0,1,0
172.9,8,0,0,0
299.17,16,0,0,0
129.36,20,0,0,0
95.04,20,0,2,0
54.17,8,0,1,0
269.9,10,0,0,0
201.04,15,1,0,0
4.63,21,0,1,0
2.67,10,0,1,0
47.23,20,0,1,0
166.36,11,0,0,0
436.43,15,0,0,0
16.3,8,0,1,0
90.17,20,0,2,0
47.95,20,0,1,0
350.37,13,0,0,0
184.59,8,1,0,0
182.22,21,0,1,0
63.24,8,0,0,0
53.58,21,0,1,0
31.94,15,0,2,0
5.8,18,0,0,0
200.04,11,0,0,0
167.61,19,0,2,0
817.24,8,0,2,0
569.49,17,0,0,0
81.07,14,0,1,0
146.53,12,0,0,0
289.62,12,0,1,0
189.48,8,0,2,0
28.42,21,0,1,0
59.88,17,0,0,0
13.83,18,0,1,0
308.02,13,0,1,0
93.18,21,0,1,0
25.96,16,0,2,0
111.38,16,0,0,0
96.27,15,0,1,0
44.34,12,0,2,0
12.05,8,0,0,0
111.34,16,0,0,0
73.46,8,0,1,0
147.98,15,0,2,0
73.43,12,1,2,0
191.18,10,0,0,0
80.28,18,0,1,0
82.31,14,0,2,0
209.28,14,0,2,0
51.66,16,0,2,0
14.39,14,0,1,0
2.92,20,0,2,0
140.71,18,0,1,0
96.84,21,0,0,0
121.77,10,1,0,0
23.95,18,0,1,0
14.66,20,1,2,0
1.47,21,0,0,0
43.17,20,0,0,0
89.14,8,0,1,0
49.8,15,0,4,0
57.53,19,0,0,0
234.51,10,1,1,0
42.81,19,0,1,0
72.15,15,0,1,0
153.09,15,0,1,0
50.51,20,0,0,0
97.31,12,1,1,0
198.31,20,0,2,0
298.62,19,0,1,0
15.91,20,0,2,0
261.17,8,0,2,0
67.75,20,1,2,0
29.87,17,0,2,0
61.46,14,0,0,0
391.37,19,0,1,0
67.85,17,0,1,0
39.86,12,0,2,0
100.35,15,0,1,0
27.46,16,0,0,0
7.89,18,1,2,0
13.8,21,0,1,0
13.7,14,0,0,0
16.48,21,1,0,0
14.95,20,0,3,0
102.41,14,0,0,0
20.07,8,0,1,0
42.41,11,0,1,0
227.1,9,0,0,0
64.24,9,1,0,0
110.13,9,0,2,0
18.91,11,0,0,0
21.36,21,0,0,0
4.17,8,0,2,0
18.5,11,0,0,0
32.65,9,0,1,0
19.48,12,0,0,0
9.29,10,0,1,0
12.86,19,1,0,0
61.76,15,0,2,0
23.11,11,0,1,0
45.3,8,0,0,0
70.0,8,0,3,0
117.25,19,0,1,0
4.01,17,0,3,0
160.65,10,0,2,0
98.86,16,0,0,0
8.53,14,0,1,0
206.81,9,0,1,0
253.67,20,1,1,0
6.3,16,0,0,0
32.42,17,0,2,0
164.09,9,0,0,0
137.94,10,0,2,0
20.4,18,0,0,0
23.49,20,0,4,0
46.28,17,0,1,0
66.27,21,0,0,0
96.3,9,0,1,0
46.03,10,0,2,0
62.09,13,0,1,0
137.62,16,0,1,0
3.74,16,0,2,0
29.09,14,0,1,0
124.95,19,0,2,0
225.58,10,0,1,0
71.68,11,0,1,0
75.95,13,0,1,0
11.34,18,0,0,0
59.31,12,1,2,0
76.06,9,0,0,0
27.77,20,0,1,0
31.37,13,0,0,0
47.37,10,1,1,0
2.03,21,0,2,0
38.87,15,0,2,0
23.76,9,0,0,0
39.67,8,0,1,0
12.76,16,0,2,0
221.21,21,0,3,0
90.04,19,0,2,0
113.66,10,0,1,0
155.67,18,0,0,0
69.0,8,0,1,0
9.09,14,0,0,0
77.03,20,0,1,0
88.39,17,0,1,0
136.82,12,1,2,0
56.5,12,0,3,0
13.65,21,0,0,0
33.38,8,0,1,0
45.11,16,0,1,0
103.82,14,0,0,0
84.58,15,0,0,0
44.02,16,0,0,0
430.62,13,0,2,0
93.08,19,0,1,0
27.08,12,0,1,0
10.73,13,0,4,0
16.59,18,1,3,0
28.23,9,0,0,0
17.52,11,1,1,0
20.65,10,0,1,0
33.56,20,1,1,0
19.04,14,0,0,0
227.08,16,0,2,0
8.36,12,0,1,0
74.34,13,0,1,0
52.83,17,0,1,0
403.86,21,0,1,0
11.88,19,0,1,0
50.73,19,0,0,0
348.91,9,0,1,0
200.62,10,0,0,0
169.87,10,0,1,0
29.83,19,0,0,0
18.74,19,0,4,0
110.46,16,0,0,0
265.04,14,0,3,0
81.37,15,0,0,0
84.77,18,0,3,0
32.85,17,0,0,0
146.75,18,0,0,0
20.71,16,0,1,0
39.11,13,0,0,0
55.41,11,0,1,0
70.85,19,0,1,0
27.76,8,0,4,0
12.2,15,0,0,0
94.32,14,0,0,0
34.06,9,0,2,0
87.05,15,0,1,0
16.77,19,0,2,0
65.61,12,0,1,0
76.05,14,1,1,0
5.32,11,0,0,0
41.04,12,1,1,0
14.43,15,0,1,0
6.55,8,0,0,0
460.12,8,0,2,0
38.91,11,0,0,0
166.01,10,0,2,0
29.39,20,0,0,0
114.41,17,0,0,0
142.81,19,1,1,0
90.54,9,0,0,0
63.79,19,0,2,0
53.08,10,0,1,0
42.9,18,0,0,0
265.26,18,0,0,0
177.56,21,0,1,0
335.32,18,1,2,0
13.27,8,0,1,0
131.26,8,0,3,0
278.61,13,0,1,0
20.0,12,0,1,0
6.88,15,0,0,0
135.14,9,0,1,0
85.44,11,0,0,0
184.41,15,0,1,0
15.06,19,0,1,0
158.61,13,0,0,0
22.52,8,0,0,0
17.87,11,0,2,0
17.94,8,0,1,0
168.51,20,0,2,0
109.42,9,0,0,0
74.04,12,0,2,0
44.45,21,0,2,0
209.72,15,0,0,0
49.83,15,0,0,0
169.61,18,0,1,0
57.83,10,0,1,0
47.31,18,0,1,0
62.12,20,0,1,0
35.86,11,0,2,0
137.68,17,0,2,0
69.86,18,0,1,0
26.42,21,0,0,0
229.83,13,0,1,0
48.43,18,1,1,0
78.43,18,0,2,0
236.95,17,0,1,0
97.88,10,1,2,0
12.43,9,1,0,0
281.06,13,0,2,0
98.81,18,0,2,0
40.78,20,0,1,0
15.0,12,0,0,0
158.0,21,0,0,0
96.78,17,0,1,0
76.24,12,0,0,0
224.33,17,0,0,0
155.4,20,0,0,0
16.45,12,0,1,0
37.36,17,0,0,0
28.57,19,0,3,0
136.24,12,0,1,0
3.41,10,0,0,0
84.37,14,0,0,0
143.74,13,1,1,0
209.37,11,0,0,0
41.87,9,0,0,0
172.18,19,0,2,0
11.72,16,0,1,0
187.37,8,0,1,0
13.64,20,0,1,0
50.63,20,0,1,0
159.6,18,0,1,0
16.24,21,0,1,0
26.04,11,0,1,0
128.1,8,1,2,0
127.31,20,1,2,0
102.48,13,0,1,0
118.4,11,0,2,0
78.25,12,0,0,0
29.01,12,0,2,0
42.42,16,0,1,0
20.04,8,1,1,0
239.09,20,0,0,0
87.56,9,0,3,0
51.22,20,0,0,0
61.99,13,1,1,0
294.28,12,0,0,0
16.65,18,0,1,0
88.24,14,0,1,0
70.5,10,0,1,0
94.53,10,0,0,0
1.83,17,1,0,0
205.67,9,0,2,0
269.0,20,0,0,0
83.27,10,0,1,0
119.29,17,0,0,0
255.75,8,0,2,0
122.84,12,0,0,0
16.55,21,0,1,0
85.87,19,0,0,0
93.32,12,0,2,0
55.19,19,0,2,0
133.35,18,0,2,0
272.37,14,0,1,0
259.79,11,0,0,0
59.94,10,0,0,0
12.02,8,0,2,0
418.92,19,0,1,0
182.57,15,0,0,0
13.31,20,0,0,0
253.63,10,0,0,0
203.94,20,0,0,0
73.16,9,0,3,0
89.47,18,1,1,0
50.92,11,0,0,0
5.63,10,0,2,0
40.83,20,0,1,0
162.38,8,1,1,0
0.46,10,0,1,0
40.57,19,0,0,0
50.78,9,0,1,0
77.09,15,0,0,0
252.39,13,0,5,0
42.52,16,0,1,0
42.61,15,0,1,0
133.75,17,0,1,0
60.19,10,0,1,0
25.44,12,0,0,0
60.23,14,0,1,0
15.18,12,0,0,0
19.41,15,0,0,0
68.99,19,1,1,0
54.29,12,0,2,0
246.33,8,0,0,0
45.0,12,0,0,0
86.89,11,0,1,0
100.04,13,1,0,0
1.32,10,0,2,0
108.93,18,0,0,0
19.61,12,0,3,0
324.6,9,0,3,0
16.09,18,0,1,0
53.55,13,0,0,0
8.92,20,0,1,0
576.81,19,0,1,0
69.75,13,0,3,0
90.48,12,1,0,0
6.94,13,0,1,0
138.61,18,0,2,0
23.56,14,0,0,0
228.33,19,0,0,0
22.96,12,0,1,0
21.16,8,0,1,0
3.72,15,0,1,0
63.88,11,0,0,0
83.2,16,0,3,0
6.8,21,0,0,0
149.4,17,0,1,0
60.38,19,0,2,0
74.32,13,0,2,0
58.12,8,0,1,0
51.21,10,0,1,0
82.02,10,0,2,0
16.87,17,0,0,0
20.08,19,0,1,0
197.89,19,0,2,0
292.09,11,0,0,0
46.73,13,0,1,0
31.57,14,0,1,0
103.28,17,0,0,0
52.55,11,0,3,0
2.57,13,0,0,0
16.98,18,0,0,0
125.87,8,0,1,0
107.56,21,0,2,0
2.75,15,0,2,0
25.1,14,0,0,0
26.28,18,0,0,0
111.44,18,0,1,0
1.99,16,0,0,0
10.99,10,0,0,0
160.9,9,0,1,0
19.67,8,0,0,0
105.77,10,0,0,0
27.2,12,0,2,0
10.47,21,0,2,0
27.86,18,0,0,0
128.11,9,0,0,0
193.58,19,0,0,0
177.33,10,0,1,0
50.61,11,0,1,0
110.29,14,0,1,0
22.94,20,0,0,0
34.69,10,0,1,0
226.66,16,1,0,0
1.31,15,0,1,0
8.94,11,1,2,0
23.31,20,1,0,0
2.69,8,0,1,0
20.02,8,0,2,0
87.48,8,0,2,0
54.72,8,0,3,0
223.19,15,0,2,0
170.07,10,0,0,0
41.83,13,0,1,0
30.03,10,0,1,0
47.75,18,0,1,0
89.23,12,0,1,0
31.21,20,0,1,0
97.86,21,0,2,0
52.66,20,0,2,0
80.31,14,1,0,0
57.29,9,0,0,0
34.88,13,0,1,0
296.53,20,0,1,0
144.23,13,0,0,0
15.1,18,0,1,0
202.85,10,0,1,0
66.83,13,0,1,0
224.95,17,0,2,0
160.87,17,1,0,0
55.38,21,0,3,0
2.27,12,0,0,0
31.29,19,0,1,0
78.01,9,0,0,0
100.37,16,0,0,0
29.83,15,0,1,0
15.01,10,0,0,0
180.14,15,1,0,0
416.06,21,0,2,0
74.59,16,0,1,0
18.84,21,0,1,0
31.79,10,0,0,0
1.86,10,0,2,0
245.69,9,0,1,0
12.53,15,0,0,0
85.92,17,0,0,0
32.03,8,0,0,0
80.78,15,0,0,0
105.39,14,0,1,0
177.04,21,0,0,0
23.12,14,0,2,0
1.11,10,0,0,0
14.72,8,0,0,0
230.28,11,0,2,0
207.06,16,0,3,0
90.98,12,0,0,0
91.76,8,0,2,0
109.37,12,0,1,0
19.28,20,0,1,0
245.82,15,0,2,0
54.26,15,0,1,0
48.31,12,0,2,0
73.17,19,0,1,0
4.81,16,1,1,0
18.19,8,0,1,0
133.95,11,0,0,0
8.64,10,0,2,0
92.42,9,0,2,0
28.15,15,0,0,0
49.31,14,0,1,0
34.07,16,0,4,0
43.95,9,0,1,0
126.96,21,0,1,0
35.26,21,0,1,0
83.56,11,0,0,0
64.64,21,0,0,0
108.97,13,1,1,0
276.19,18,0,0,0
131.89,10,0,1,0
24.2,15,0,1,0
3.17,10,0,2,0
30.42,21,0,1,0
90.41,19,0,1,0
5.28,20,0,0,0
68.59,20,0,2,0
90.84,9,0,0,0
40.68,20,1,0,0
147.36,20,0,2,0
11.27,10,0,0,0
7.81,18,0,2,0
130.26,13,0,0,0
68.42,9,0,1,0
116.6,15,0,0,0
57.06,8,1,2,0
28.29,14,0,0,0
170.98,9,0,0,0
160.65,17,0,0,0
118.64,19,1,1,0
31.77,13,0,2,0
89.22,19,0,0,0
44.78,9,0,3,0
9.61,9,0,2,0
249.27,17,0,0,0
14.71,20,0,2,0
300.05,15,0,1,0
59.06,19,0,0,0
20.47,9,0,0,0
78.07,14,0,1,0
206.31,10,0,1,0
131.76,15,0,0,0
164.28,14,0,1,0
107.52,21,0,2,0
117.86,15,0,0,0
189.18,21,0,1,0
28.72,14,1,1,0
67.22,18,0,3,0
25.0,13,0,1,0
439.56,20,0,1,0
288.35,14,0,2,0
4.02,12,0,2,0
122.27,14,0,0,0
259.36,8,0,2,0
19.92,8,0,2,0
83.92,16,0,0,0
247.09,21,0,2,0
3.45,12,0,0,0
119.54,20,0,2,0
35.29,12,0,1,0
258.22,10,1,2,0
354.25,12,0,0,0
288.72,10,0,1,0
64.29,16,0,1,0
198.08,16,0,1,0
186.14,13,0,2,0
38.43,8,0,1,0
176.56,14,0,1,0
3.77,14,0,1,0
90.7,21,0,2,0
26.14,17,0,3,0
12.85,17,0,0,0
8.01,11,0,1,0
119.17,15,1,1,0
41.53,13,0,0,0
129.01,11,0,1,0
6.76,11,0,1,0
37.88,9,1,0,0
77.54,21,0,0,0
156.41,9,0,1,0
38.38,19,0,1,0
98.32,21,0,4,0
217.14,11,0,0,0
95.68,12,0,0,0
26.52,15,0,3,0
2.47,13,0,2,0
204.1,21,0,1,0
2.15,11,0,1,0
207.71,20,0,1,0
75.28,18,0,2,0
279.8,14,0,2,0
160.34,15,0,1,0
618.22,9,0,0,0
43.19,19,0,2,0
145.75,14,0,3,0
51.4,21,0,1,0
65.37,9,0,1,0
98.75,9,0,0,0
206.89,15,0,1,0
414.04,9,0,0,0
146.22,18,0,0,0
54.09,16,0,1,0
54.71,19,0,1,0
133.78,8,0,0,0
27.28,16,0,1,0
11.71,8,1,0,0
43.79,17,0,0,0
33.86,20,0,2,0
35.14,17,0,2,0
26.61,9,0,0,0
4.3,13,0,2,0
1.8,13,0,0,0
440.0,8,0,0,0
55.82,14,0,1,0
48.5,15,0,1,0
113.83,9,0,0,0
24.62,15,0,3,0
299.5,16,0,0,0
154.34,13,0,1,0
9.37,12,0,1,0
54.06,19,0,1,0
211.29,16,0,1,0
289.56,20,0,1,0
63.0,19,0,1,0
95.04,18,0,2,0
18.28,16,0,1,0
472.94,8,0,2,0
26.35,18,0,0,0
286.0,10,0,0,0
104.88,16,0,1,0
93.58,18,0,1,0
71.89,9,0,1,0
26.22,19,0,1,0
19.42,11,0,1,0
24.91,11,0,0,0
20.63,9,1,0,0
151.22,10,0,1,0
43.1,20,0,1,0
5.96,10,0,3,0
347.71,8,0,0,0
215.23,13,0,0,0
262.77,15,0,0,0
528.0,19,0,1,0
19.1,10,0,2,0
50.46,12,0,1,0
141.98,8,0,0,0
119.08,17,0,1,0
16.71,14,1,2,0
169.19,17,0,0,0
25.42,20,0,1,0
25.34,8,0,0,0
77.0,19,1,3,0
89.88,18,0,2,0
86.77,16,0,2,0
9.59,15,0,1,0
209.93,14,0,1,0
30.87,17,0,3,0
13.87,14,0,1,0
219.6,12,1,0,0
311.57,12,0,1,0
198.14,18,0,1,0
165.82,20,0,1,0
106.49,12,0,3,0
80.04,8,0,0,0
9.1,15,0,1,0
52.5,19,0,1,0
46.63,18,0,0,0
30.08,8,0,2,0
128.53,11,0,0,0
68.49,16,0,0,0
8.45,21,0,2,0
24.87,16,1,0,0
114.97,12,0,2,0
7.92,11,1,0,0
190.52,10,0,0,0
68.35,10,0,2,0
65.51,19,0,1,0
89.75,12,0,1,0
174.11,17,0,2,0
42.74,8,0,0,0
113.33,12,0,0,0
83.41,13,0,0,0
31.06,14,0,1,0
210.89,19,0,1,0
159.67,16,0,1,0
107.43,10,0,0,0
190.1,9,0,0,0
201.96,21,0,0,0
123.22,10,0,2,0
181.41,19,0,1,0
119.56,16,0,0,0
113.99,19,0,0,0
96.39,14,0,1,0
139.72,16,0,0,0
17.27,20,0,0,0
212.75,9,1,0,0
205.45,12,0,1,0
2.97,20,0,0,0
174.76,11,0,1,0
13.8,9,0,2,0
40.81,16,0,1,0
136.07,16,0,1,0
17.53,13,0,0,0
170.36,18,1,3,0
178.46,13,0,1,0
70.82,15,0,0,0
0.64,13,0,1,0
33.83,8,0,1,0
95.95,11,0,1,0
397.32,20,0,2,0
99.92,14,0,0,0
30.08,20,0,1,0
100.51,20,0,2,0
77.65,9,1,1,0
151.34,16,0,0,0
11.31,15,0,2,0
143.14,15,1,0,0
77.93,14,0,1,0
329.66,11,0,1,0
41.84,9,0,2,0
100.14,10,0,1,0
268.87,19,0,1,0
10.82,13,0,2,0
276.83,19,1,0,0
116.44,19,0,1,0
7.02,12,0,1,0
35.81,19,0,1,0
123.16,15,1,0,0
6.97,13,0,2,0
87.27,13,1,0,0
42.45,8,0,4,0
97.0,11,0,0,0
4.68,12,0,2,0
205.21,19,0,0,0
363.02,18,0,1,0
346.98,10,0,1,0
138.49,20,0,2,0
13.94,16,0,1,0
141.99,8,0,1,0
2.49,13,1,0,0
2.24,13,0,0,0
39.1,17,0,0,0
67.07,12,0,0,0
147.14,19,0,2,0
114.98,12,0,1,0
59.04,17,0,1,0
31.97,21,0,0,0
585.15,20,0,0,0
55.54,12,0,2,0
60.04,13,0,0,0
17.87,15,0,1,0
158.38,9,0,3,0
118.31,13,0,1,0
24.94,8,0,1,0
8.6,11,0,0,0
114.1,21,1,1,0
106.28,17,0,3,0
31.92,10,0,1,0
301.32,16,0,2,0
16.38,10,0,1,0
56.62,13,0,0,0
287.56,8,0,1,0
54.43,19,0,1,0
101.76,13,0,0,0
50.68,11,0,3,0
32.05,15,0,1,0
413.38,20,0,0,0
52.65,18,0,0,0
224.53,16,0,1,0
26.13,11,0,1,0
23.97,17,0,1,0
3.16,19,0,0,0
105.46,17,0,3,0
45.97,13,0,1,0
199.77,8,0,0,0
64.1,11,0,1,0
344.81,14,0,1,0
20.52,19,0,2,0
202.97,8,0,1,0
149.88,15,0,1,0
147.37,19,0,0,0
186.29,17,0,0,0
143.14,19,0,0,0
98.41,18,0,1,0
14.07,13,0,0,0
3.31,12,0,1,0
253.64,17,0,2,0
95.88,18,0,2,0
159.23,21,1,1,0
65.69,16,0,2,0
12.48,9,0,2,0
13.37,12,0,1,0
115.7,13,0,2,0
56.27,14,0,0,0
22.38,12,0,1,0
67.65,16,0,0,0
6.64,8,1,1,0
87.22,14,0,1,0
31.33,17,0,0,0
159.73,14,0,1,0
37.16,11,0,0,0
60.74,16,0,0,0
1.17,21,0,1,0
7.52,19,0,0,0
49.84,18,0,0,0
65.38,12,0,3,0
91.63,11,1,1,0
34.48,20,0,1,0
118.74,14,1,2,0
196.7,11,0,0,0
151.35,10,0,0,0
4.04,16,0,3,0
65.49,18,0,3,0
11.09,15,0,1,0
27.71,8,0,2,0
431.72,14,0,0,0
15.37,16,0,2,0
69.09,15,0,1,0
96.27,15,0,2,0
121.22,20,0,0,0
82.02,13,0,1,0
0.98,18,0,1,0
39.52,11,0,3,0
72.92,15,1,1,0
9.2,10,0,0,0
43.17,20,0,3,0
3.38,16,0,0,0
8.18,20,0,0,0
50.57,9,0,2,0
14.24,9,0,1,0
83.83,19,0,0,0
116.95,20,0,0,0
161.24,19,0,1,0
22.33,14,0,1,0
18.33,19,0,3,0
11.04,17,1,1,0
101.18,11,0,2,0
122.58,17,0,0,0
3.21,15,0,2,0
275.22,16,0,1,0
5.34,14,1,0,0
77.94,12,0,1,0
123.46,15,0,2,0
204.77,11,0,1,0
125.21,9,0,1,0
161.81,18,0,1,0
41.47,19,0,1,0
168.65,13,1,0,0
8.35,16,0,1,0
225.21,8,0,1,0
79.32,18,0,1,0
169.99,17,0,1,0
60.21,19,0,1,0
103.16,14,0,2,0
74.74,17,0,1,0
131.52,16,0,1,0
8.52,17,0,2,0
6.23,16,0,1,0
28.38,17,0,1,0
17.38,18,0,1,0
205.4,20,0,0,0
24.75,10,0,0,0
372.41,18,0,0,0
41.08,20,0,0,0
20.1,12,1,3,0
155.92,15,0,0,0
107.5,15,0,1,0
68.95,11,0,2,0
81.05,19,0,1,0
127.01,18,0,1,0
25.94,18,1,0,0
560.86,8,0,1,0
368.06,8,1,1,0
105.08,11,1,1,0
22.26,13,0,0,0
114.01,15,0,0,0
7.49,13,0,0,0
3.11,19,0,0,0
29.8,16,0,1,0
62.11,16,0,0,0
202.7,21,0,0,0
129.89,9,0,2,0
135.75,17,0,0,0
55.42,8,0,0,0
42.45,9,0,0,0
46.37,12,0,0,0
439.41,11,0,1,0
4.09,11,0,1,0
201.76,16,0,3,0
86.44,18,0,1,0
57.73,15,0,1,0
129.19,13,0,2,0
66.68,8,0,1,0
206.69,9,0,0,0
230.96,13,0,1,0
54.77,18,0,1,0
32.41,9,0,1,0
89.73,20,0,1,0
243.46,17,0,2,0
23.66,12,0,0,0
97.54,21,0,2,0
99.85,12,0,2,0
132.09,13,0,0,0
14.11,13,0,0,0
125.82,21,0,2,0
239.73,13,0,1,0
19.81,21,0,1,0
27.12,9,0,0,0
355.42,21,0,0,0
19.96,17,0,0,0
192.68,21,0,0,0
67.78,20,1,0,0
28.4,21,0,1,0
204.6,10,0,1,0
58.93,21,0,0,0
72.32,13,0,0,0
44.51,20,0,0,0
89.88,15,0,1,0
17.86,19,0,3,0
49.61,20,0,1,0
348.72,18,0,1,0
29.86,19,0,0,0
106.93,8,0,1,0
39.33,8,0,1,0
148.49,18,0,1,0
14.03,20,0,1,0
350.06,9,0,1,0
60.48,18,0,2,0
26.93,19,0,2,0
7.63,19,1,1,0
18.6,13,0,2,0
73.35,16,0,0,0
41.1,11,0,1,0
176.54,10,0,1,0
56.37,19,0,1,0
28.6,15,0,2,0
96.01,18,0,1,0
122.68,17,0,0,0
18.28,21,0,0,0
18.35,16,0,1,0
3.74,19,0,0,0
133.33,18,0,1,0
109.01,12,0,1,0
64.37,16,0,0,0
185.9,9,0,1,0
163.82,10,0,3,0
88.03,14,0,3,0
202.7,14,0,0,0
23.05,13,0,0,0
11.87,13,0,1,0
31.44,9,0,0,0
5.88,17,0,1,0
75.75,13,1,2,0
275.84,11,0,1,0
4.01,19,0,3,0
13.02,10,0,1,0
60.18,20,0,1,0
271.62,18,0,2,0
38.0,20,0,1,0
70.77,9,0,0,0
4.25,8,1,1,0
16.06,18,1,0,0
431.48,18,0,1,0
335.58,12,0,0,0
0.5,9,0,0,0
303.26,9,0,0,0
101.92,14,0,3,0
202.43,15,0,0,0
60.65,20,0,2,0
72.48,17,0,3,0
67.11,15,0,0,0
109.92,21,0,0,0
15.04,11,0,1,0
3.04,21,0,1,0
36.81,8,0,1,0
121.97,18,0,3,0
22.55,14,0,0,0
111.91,8,0,0,0
350.36,18,0,0,0
9.86,11,0,0,0
111.66,15,1,0,0
58.65,9,0,2,0
202.6,13,1,2,0
19.5,20,0,2,0
117.97,13,0,1,0
182.09,19,0,1,0
289.34,16,0,2,0
114.96,12,1,0,0
68.75,17,0,2,0
96.19,11,0,1,0
203.18,12,0,3,0
84.54,19,0,1,0
3.09,19,0,1,0
267.29,17,0,0,0
116.97,18,0,2,0
112.86,12,0,1,0
24.29,15,0,0,0
107.55,17,0,1,0
50.07,19,0,0,0
105.34,15,0,1,0
11.27,9,0,2,0
107.25,14,0,0,0
744.17,15,0,1,0
4.94,18,0,0,0
377.99,13,1,1,0
52.24,12,0,1,0
204.6,18,0,0,0
152.5,16,0,0,0
83.71,20,0,3,0
134.11,10,0,0,0
210.8,19,1,0,0
51.78,20,0,1,0
39.61,20,0,1,0
110.14,17,0,1,0
164.95,11,0,1,0
143.67,16,0,1,0
159.86,13,0,1,0
57.2,15,0,1,0
170.28,14,0,3,0
12.81,18,0,1,0
78.63,9,0,1,0
0.58,10,0,0,0
39.24,8,0,0,0
45.64,16,0,0,0
50.45,20,0,0,0
118.9,14,0,3,0
49.19,8,1,0,0
59.55,10,0,2,0
27.12,11,0,2,0
46.72,11,0,1,0
25.78,12,0,0,0
7.6,21,0,1,0
92.49,10,0,2,0
110.33,10,0,0,0
96.62,8,0,2,0
62.27,14,0,1,0
47.77,18,0,2,0
199.02,17,1,2,0
73.21,21,0,0,0
65.24,8,0,1,0
2.6,9,0,0,0
41.74,20,0,1,0
47.84,11,1,1,0
50.89,20,0,1,0
86.79,11,0,0,0
76.27,12,0,0,0
93.63,18,0,2,0
144.77,9,0,3,0
167.66,11,0,1,0
126.63,8,0,2,0
311.28,9,0,0,0
1.84,8,0,0,0
21.79,17,0,2,0
0.76,17,0,1,0
104.26,20,0,0,0
228.31,11,0,1,0
27.9,11,0,0,0
261.78,14,0,2,0
6.22,17,0,2,0
272.47,18,0,1,0
43.33,18,0,1,0
10.69,16,0,1,0
66.53,16,0,1,0
29.68,12,0,1,0
33.53,17,0,0,0
36.71,8,0,1,0
162.47,8,0,0,0
77.47,13,0,2,0
37.3,9,0,0,0
94.25,15,0,1,0
125.93,20,0,0,0
31.83,16,0,1,0
53.37,20,0,0,0
13.0,11,0,0,0
19.99,12,0,0,0
114.29,18,0,0,0
20.02,15,0,1,0
74.48,10,0,0,0
123.46,12,0,0,0
11.3,10,1,2,0
83.77,19,0,1,0
29.65,17,0,0,0
329.49,10,0,0,0
66.08,10,0,1,0
163.99,20,1,1,0
79.9,19,0,1,0
4.44,14,0,0,0
100.28,14,0,2,0
302.42,14,0,1,0
92.03,17,0,0,0
171.03,15,0,0,0
215.59,12,1,0,0
25.89,12,0,0,0
23.83,21,0,0,0
94.41,11,0,1,0
52.94,14,0,1,0
183.17,17,0,1,0
230.28,11,0,0,0
43.61,9,0,0,0
27.03,11,0,2,0
151.65,20,0,0,0
32.13,20,1,1,0
172.94,15,0,1,0
55.12,16,0,0,0
110.13,10,0,1,0
10.04,14,0,0,0
97.78,21,0,1,0
60.11,19,0,1,0
88.34,21,0,2,0
18.39,16,0,1,0
133.51,18,0,2,0
198.63,11,0,1,0
24.43,17,0,1,0
10.06,10,0,5,0
2.39,12,0,1,0
102.71,8,0,1,0
93.42,10,0,3,0
79.12,15,0,0,0
26.39,18,0,1,0
49.58,15,1,1,0
90.26,20,0,1,0
68.67,11,1,2,0
440.51,9,0,0,0
14.67,20,0,0,0
118.79,15,0,1,0
51.8,15,0,2,0
55.9,17,0,1,0
126.44,11,0,0,0
117.91,10,1,2,0
473.94,9,0,2,0
13.74,16,0,0,0
10.99,8,0,0,0
128.86,14,0,2,0
86.37,12,0,0,0
32.04,15,0,0,0
8.28,11,1,3,0
8.96,14,0,0,0
224.61,20,0,2,0
21.3,12,0,1,0
39.06,21,0,0,0
25.7,12,0,0,0
43.85,21,0,0,0
7.2,16,0,0,0
73.2,16,0,1,0
7.0,20,0,1,0
161.12,16,1,0,0
26.62,19,0,1,0
77.66,13,0,0,0
212.09,13,0,3,0
105.23,12,0,0,0
76.13,16,0,1,0
39.21,17,0,1,0
40.5,15,0,1,0
110.71,14,0,2,0
513.95,14,0,3,0
108.42,13,0,1,0
81.6,12,0,2,0
131.17,20,0,2,0
62.59,11,0,0,0
6.2,10,0,2,0
82.62,10,0,1,0
316.12,13,1,1,0
19.27,11,0,1,0
117.12,19,1,2,0
22.43,19,0,0,0
76.75,13,0,0,0
10.17,10,0,1,0
59.85,11,1,0,0
141.13,16,0,1,0
42.71,12,0,0,0
109.34,20,0,1,0
158.69,14,0,1,0
261.97,17,0,2,0
26.74,9,0,0,0
50.97,21,0,1,0
16.54,21,0,2,0
489.07,12,0,0,0
261.73,16,0,0,0
77.64,18,0,1,0
184.54,10,0,1,0
73.6,21,0,2,0
97.71,16,0,2,0
9.33,21,0,1,0
140.76,18,0,1,0
13.66,13,0,4,0
174.91,11,0,3,0
152.34,14,0,2,0
123.36,15,0,1,0
3.68,13,0,0,0
36.12,12,1,0,0
30.53,13,0,1,0
44.65,12,0,2,0
9.17,15,0,1,0
276.4,8,1,0,0
80.7,18,0,2,0
36.46,14,0,0,0
50.58,17,0,1,0
59.28,17,0,0,0
91.78,18,0,0,0
72.5,9,0,0,0
251.82,21,0,0,0
68.71,16,0,0,0
484.83,8,0,1,0
190.67,18,0,0,0
23.38,17,1,0,0
266.78,13,0,1,0
12.37,16,0,2,0
170.07,8,0,1,0
47.9,11,0,1,0
210.35,11,1,0,0
202.54,16,0,0,0
163.95,18,0,1,0
156.08,12,0,0,0
36.34,12,0,2,0
8.44,13,0,0,0
51.58,8,0,2,0
19.06,8,0,1,0
118.73,16,1,1,0
42.48,10,1,1,0
371.36,11,0,1,0
102.44,8,0,2,0
172.87,16,0,2,0
14.22,15,0,1,0
198.06,9,0,0,0
256.08,15,0,0,0
66.76,14,0,0,0
93.2,18,0,0,0
144.74,13,0,1,0
19.22,8,0,2,0
69.83,14,0,3,0
50.86,17,0,0,0
15.83,14,0,4,0
45.81,20,0,1,0
7.06,21,0,0,0
2.62,16,0,1,0
14.52,8,0,2,0
330.0,9,0,3,0
79.75,18,0,0,0
337.62,16,0,1,0
56.65,20,0,0,0
37.37,16,0,1,0
70.55,20,0,1,0
57.89,13,1,2,0
11.17,13,1,0,0
102.39,11,0,2,0
24.34,11,0,0,0
96.65,12,0,0,0
105.04,10,0,3,0
16.49,8,1,1,0
6.33,8,0,0,0
151.76,19,0,1,0
61.58,20,0,0,0
5.99,14,1,1,0
527.19,8,0,3,0
5.95,8,0,2,0
118.76,10,0,0,0
411.53,17,0,0,0
27.34,11,0,2,0
15.34,11,0,2,0
12.94,9,1,1,0
36.14,8,1,2,0
10.65,10,0,1,0
117.82,18,0,1,0
6.43,11,0,1,0
71.22,10,0,1,0
571.29,15,0,0,0
168.18,21,0,3,0
95.51,17,0,3,0
36.56,8,0,3,0
97.79,21,0,0,0
74.87,9,0,1,0
55.53,20,0,0,0
14.01,14,0,0,0
217.69,11,0,1,0
59.74,15,0,1,0
21.64,18,0,0,0
45.85,20,0,0,0
53.47,10,0,0,0
175.76,13,0,2,0
132.28,16,0,1,0
146.67,8,0,2,0
1.11,8,0,2,0
53.81,15,0,1,0
65.65,10,0,2,0
1.94,12,0,0,0
30.09,8,0,1,0
142.83,12,0,1,0
14.75,18,0,1,0
76.64,13,0,1,0
24.23,15,0,1,0
1.22,20,0,2,0
27.6,21,0,2,0
372.45,10,0,0,0
161.72,10,0,2,0
320.83,19,0,0,0
66.91,18,0,0,0
11.62,18,0,1,0
79.4,17,0,2,0
60.58,16,0,1,0
186.02,11,0,1,0
10.32,11,0,2,0
66.99,19,1,0,0
16.26,14,0,1,0
39.26,9,0,2,0
133.7,15,0,1,0
64.63,13,0,1,0
47.14,10,1,0,0
50.17,16,0,0,0
61.52,12,1,1,0
153.72,15,0,1,0
222.64,14,0,1,0
310.86,21,0,0,0
154.6,15,0,1,0
37.89,14,0,1,0
116.52,10,0,1,0
57.55,9,0,0,0
29.39,14,0,0,0
183.8,10,1,2,0
3.92,10,0,0,0
232.04,9,0,1,0
61.89,11,0,2,0
101.39,15,0,0,0
107.69,19,1,2,0
225.49,8,0,1,0
101.24,8,0,0,0
95.17,19,0,0,0
6.9,21,0,0,0
73.07,12,0,2,0
16.27,18,0,0,0
133.73,12,0,1,0
71.79,18,0,1,0
114.01,19,1,1,0
4.26,8,0,0,0
8.86,13,0,0,0
125.99,8,1,0,0
7.48,12,0,1,0
7.39,16,0,0,0
1.22,19,0,0,0
313.5,21,1,1,0
133.75,12,0,2,0
43.58,13,0,3,0
35.17,15,0,0,0
43.03,18,0,0,0
149.01,8,0,2,0
108.28,21,0,0,0
20.48,9,0,2,0
19.13,16,0,1,0
10.36,10,1,3,0
107.97,13,0,2,0
144.55,12,0,1,0
30.79,18,0,1,0
2.12,9,0,1,0
8.57,21,0,0,0
343.77,14,0,0,0
35.02,11,0,0,0
146.63,8,0,0,0
97.99,20,0,1,0
48.12,11,0,1,0
23.03,13,0,2,0
12.94,14,0,0,0
95.45,14,0,1,0
149.0,21,0,1,0
103.26,14,0,0,0
75.57,10,0,1,0
4.29,13,0,0,0
345.74,20,0,0,0
160.3,15,0,0,0
34.65,11,0,0,0
391.05,20,1,1,0
92.1,15,0,0,0
87.33,9,1,0,0
137.86,17,0,2,0
167.01,16,0,0,0
106.85,16,0,0,0
13.71,15,0,1,0
41.29,17,0,1,0
263.23,21,0,1,0
25.44,20,0,2,0
46.55,17,0,1,0
56.58,8,0,0,0
57.88,9,0,0,0
94.92,13,0,1,0
286.6,17,1,1,0
27.53,12,0,1,0
12.95,19,0,1,0
22.0,21,0,0,0
217.97,16,0,1,0
103.79,12,0,2,0
33.67,9,0,1,0
169.25,17,0,0,0
197.59,11,0,2,0
187.41,16,0,0,0
251.24,8,1,1,0
29.07,18,0,1,0
140.67,8,0,1,0
61.72,19,0,1,0
184.52,14,0,0,0
130.38,18,0,2,0
149.81,10,0,1,0
106.76,17,0,1,0
19.53,9,0,0,0
78.75,16,0,0,0
417.79,10,0,1,0
277.08,9,0,0,0
4.41,19,0,2,0
18.01,15,0,0,0
14.13,17,0,1,0
129.46,13,0,0,0
170.26,13,0,1,0
24.02,17,0,0,0
70.49,18,0,1,0
183.7,14,0,1,0
131.98,14,0,1,0
78.14,18,0,0,0
89.24,20,0,1,0
71.0,13,0,2,0
35.32,11,0,1,0
83.25,18,0,1,0
116.76,16,0,2,0
206.61,13,0,1,0
101.14,11,0,3,0
143.18,19,0,0,0
17.44,10,0,2,0
61.91,11,0,1,0
0.94,10,1,0,0
28.33,9,0,0,0
129.63,21,1,0,0
480.48,12,0,1,0
10.44,9,0,2,0
51.33,13,0,1,0
160.98,10,0,1,0
22.82,13,0,1,0
80.99,18,0,0,0
132.08,17,0,1,0
95.71,16,0,1,0
20.83,8,0,1,0
43.91,13,0,0,0
153.15,16,0,0,0
1615.89,2,1,5,1
10.49,3,0,10,1
2862.51,2,1,9,1
71.9,3,0,11,1
2738.75,1,1,8,1
452.5,4,1,6,0
6343.67,3,1,11,1
917.54,0,1,7,1
791.82,2,1,10,1
322.42,1,1,8,1
729.43,0,1,9,1
4185.47,1,1,7,1
11217.49,4,1,7,1
918.71,2,1,12,1
1190.63,5,1,3,1
2560.78,2,0,6,1
4346.55,4,1,9,1
1798.1,2,1,8,1
993.6,5,1,8,1
1064.17,3,1,7,1
2378.94,1,1,9,1
6.45,5,1,11,1
1933.01,0,1,8,1
878.54,4,1,7,1
3161.67,3,0,8,1
195.21,0,0,15,1
1774.45,0,1,14,1
1311.6,4,1,10,1
2056.26,3,1,6,1
134.1,0,1,13,1
1734.92,0,1,4,1
1648.72,3,1,4,1
1644.96,2,0,7,1
1850.1,0,1,10,1
2256.91,1,1,13,1
3269.4,3,1,6,1
628.93,0,1,10,1
3486.5,4,1,5,1
1379.33,5,0,11,1
160.38,1,1,6,0
120.67,5,1,8,1
813.65,5,1,4,0
3073.28,0,1,8,1
2459.82,1,1,9,1
3108.15,1,1,11,1
1456.59,2,1,8,1
1160.35,5,0,8,1
319.05,1,1,9,1
795.57,2,1,13,1
1138.39,3,1,10,1
185.55,2,1,9,1
498.49,4,1,8,1
1823.73,0,1,7,1
2661.06,3,1,12,1
12810.95,3,1,2,1
5409.51,4,1,6,1
2057.6,2,0,6,1
1093.76,0,1,6,1
2022.18,2,1,13,1
3080.31,1,1,6,1
251.89,2,0,6,0
1054.94,3,1,9,1
3662.69,0,1,8,1
968.47,2,1,14,1
1696.67,0,1,6,1
1772.34,0,1,4,1
407.85,1,1,9,1
899.57,1,1,7,1
814.47,3,1,8,1
53.09,4,1,8,1
48.98,0,1,10,1
3563.98,4,1,6,1
637.85,3,1,4,0
1459.95,0,0,10,1
709.71,0,0,10,1
5649.59,5,0,5,1
600.31,4,1,7,1
1123.03,2,1,8,1
4122.89,1,1,4,1
3689.48,2,1,7,1
411.84,4,1,12,1
3245.49,1,1,8,1
1225.67,2,1,6,1
1319.3,5,1,5,1
286.54,1,1,8,1
168.07,0,0,9,1
2603.46,2,1,4,1
1372.19,1,1,9,1
1148.42,5,0,6,1
2615.03,1,1,11,1
2900.71,1,1,9,1
346.11,5,1,8,1
1884.37,2,1,8,1
290.87,3,0,7,1
2783.62,2,1,7,1
2139.79,4,1,7,1
6275.27,5,1,7,1
142.9,2,1,12,1
117.49,1,0,11,1
663.09,5,1,7,1
