amount,hour_of_day,is_foreign,num_transactions_last_hour,is_fraud
111.56,13,0,2,0
66.96,18,0,1,0
174.58,15,0,0,0
3.2,15,0,1,0
165.05,17,0,3,0
83.38,11,0,0,0
35.33,13,1,0,0
4.78,13,0,1,0
467.0,9,0,4,0
0.68,19,0,0,0
146.88,11,0,1,0
137.34,20,0,0,0
47.39,15,0,2,0
68.15,15,0,1,0
264.43,11,0,2,0
50.33,8,0,0,0
364.8,15,0,0,0
74.32,15,0,0,0
9.83,17,0,0,0
167.83,8,0,1,0
23.79,19,0,0,0
80.82,9,0,0,0
34.57,21,0,0,0
169.36,19,1,1,0
176.05,17,0,0,0
25.05,15,0,0,0
103.52,21,0,2,0
10.0,13,0,1,0
53.05,14,0,1,0
10.19,18,0,1,0
15.55,13,0,1,0
23.85,19,0,2,0
64.75,21,0,1,0
8.08,13,0,2,0
26.79,17,0,2,0
0.66,14,0,0,0
228.91,11,0,0,0
80.35,8,0,0,0
18.34,16,1,2,0
264.34,19,0,0,0
78.11,8,0,4,0
4.27,19,0,1,0
74.42,19,0,1,0
102.2,9,0,2,0
161.27,11,0,0,0
180.13,20,0,0,0
29.12,14,1,1,0
345.06,8,0,0,0
62.78,20,0,2,0
30.66,13,0,0,0
79.71,17,0,1,0
47.37,15,0,1,0
22.78,12,0,2,0
247.06,20,0,0,0
279.98,8,0,0,0
181.7,14,0,1,0
56.7,15,0,1,0
125.92,12,0,2,0
190.61,14,0,1,0
8.23,17,0,0,0
52.76,12,0,0,0
102.6,13,0,1,0
374.87,8,0,1,0
122.18,13,0,0,0
101.23,11,0,2,0
22.99,15,0,0,0
34.68,17,1,0,0
17.44,17,0,0,0
36.23,16,0,2,0
126.76,8,0,0,0
316.96,12,0,2,0
1.59,13,0,2,0
37.48,8,0,1,0
5.01,20,0,0,0
207.76,17,0,0,0
118.34,13,0,1,0
175.19,13,0,1,0
250.53,12,0,1,0
16.62,13,0,0,0
63.49,14,0,1,0
79.02,20,0,2,0
72.62,15,0,1,0
127.45,20,0,0,0
172.89,9,0,0,0
26.82,17,0,0,0
11.15,18,0,2,0
95.16,8,0,1,0
27.93,13,0,0,0
175.42,12,0,2,0
62.65,12,0,2,0
117.45,13,0,1,0
43.82,13,0,1,0
10.92,20,0,1,0
35.51,15,0,0,0
17.82,8,0,1,0
26.5,15,0,1,0
78.62,11,0,1,0
43.84,18,1,0,0
136.51,17,0,1,0
104.46,11,1,1,0
146.98,21,0,0,0
156.22,17,0,2,0
74.78,10,0,2,0
29.61,12,0,0,0
537.41,18,0,1,0
11.27,11,0,0,0
53.6,17,0,0,0
16.8,13,0,2,0
70.74,18,0,0,0
164.44,20,0,2,0
64.39,19,0,0,0
56.94,20,1,3,0
40.3,13,0,0,0
7.99,15,0,0,0
128.82,10,0,3,0
139.17,16,0,1,0
95.46,12,0,1,0
232.46,18,0,1,0
14.29,10,0,4,0
22.4,10,0,1,0
188.54,19,0,4,0
108.21,15,0,1,0
72.66,14,0,1,0
148.1,11,0,1,0
149.8,18,0,1,0
80.94,14,0,0,0
116.97,13,0,0,0
28.65,11,0,2,0
121.53,15,1,1,0
50.99,17,0,0,0
96.21,15,0,3,0
91.83,8,0,4,0
94.35,10,0,3,0
121.43,20,1,0,0
8.0,16,0,0,0
23.81,13,0,1,0
35.45,9,0,1,0
338.35,10,0,0,0
107.18,14,0,2,0
19.13,17,0,2,0
114.49,18,0,2,0
183.92,19,0,0,0
230.32,19,0,0,0
23.32,8,0,0,0
294.8,20,0,1,0
26.37,20,0,1,0
16.7,9,0,0,0
99.63,10,0,0,0
3.73,21,0,1,0
158.91,10,0,1,0
15.41,15,0,1,0
9.05,21,0,2,0
170.91,21,0,1,0
330.42,16,0,1,0
143.14,9,0,1,0
171.18,21,0,2,0
276.28,14,0,2,0
53.42,11,1,1,0
38.4,15,0,0,0
122.85,20,0,0,0
98.85,17,0,1,0
115.52,10,0,2,0
124.87,12,0,1,0
125.53,15,0,1,0
25.1,14,0,0,0
8.69,12,0,0,0
69.39,17,0,1,0
281.51,17,0,1,0
132.6,10,0,0,0
17.97,21,0,1,0
6.88,16,0,2,0
87.48,14,0,1,0
87.54,13,0,4,0
112.2,16,0,2,0
27.75,17,0,1,0
59.62,20,0,1,0
120.08,17,0,0,0
17.27,17,0,2,0
20.74,20,0,0,0
57.77,8,0,1,0
28.83,18,0,1,0
251.95,10,0,1,0
21.06,19,0,1,0
51.03,19,0,2,0
170.08,11,0,1,0
3.92,15,0,0,0
110.3,16,0,1,0
1.41,17,1,2,0
263.34,8,0,1,0
12.13,12,1,0,0
16.47,9,0,2,0
93.81,16,0,2,0
187.9,14,0,0,0
57.34,13,0,0,0
62.62,16,0,1,0
180.98,9,0,1,0
71.26,19,1,0,0
61.74,18,0,1,0
34.76,18,0,2,0
45.01,18,0,0,0
39.73,13,0,0,0
84.13,8,0,0,0
152.31,9,1,2,0
128.0,11,0,3,0
113.52,11,1,0,0
263.83,9,0,2,0
201.82,15,0,0,0
258.73,21,0,3,0
4.3,18,0,0,0
50.06,20,0,1,0
87.58,10,0,1,0
61.96,19,0,3,0
113.74,19,1,1,0
437.53,19,0,1,0
16.67,18,0,3,0
40.53,10,0,0,0
306.03,8,0,0,0
55.66,16,0,2,0
53.97,13,0,2,0
204.96,20,0,1,0
4.26,21,0,1,0
12.73,11,0,0,0
13.55,9,0,0,0
455.72,13,0,1,0
9.36,13,0,0,0
51.5,11,0,0,0
221.76,17,0,0,0
48.49,17,0,1,0
2.41,20,0,1,0
54.37,17,0,1,0
8.75,13,0,1,0
89.42,17,0,2,0
63.04,9,0,0,0
44.06,17,0,0,0
189.19,15,0,2,0
241.19,16,0,0,0
68.39,12,0,0,0
59.34,15,0,0,0
249.5,12,0,0,0
210.8,9,0,1,0
187.52,16,0,1,0
103.41,18,0,1,0
75.89,12,1,0,0
334.85,21,0,1,0
34.56,14,0,0,0
36.54,15,0,0,0
10.7,10,0,1,0
51.62,12,0,1,0
73.06,11,0,0,0
10.97,13,0,1,0
40.73,18,0,0,0
54.89,17,0,2,0
454.53,10,0,0,0
377.64,19,0,0,0
12.29,21,0,0,0
53.04,11,0,0,0
154.02,20,0,0,0
95.26,14,0,2,0
122.25,14,1,2,0
195.08,9,0,0,0
44.03,13,0,1,0
120.5,20,0,1,0
102.09,21,0,0,0
6.8,10,0,0,0
109.29,18,0,2,0
5.23,12,0,1,0
26.1,18,0,1,0
11.69,8,0,1,0
26.37,19,0,1,0
301.14,19,1,0,0
197.11,13,0,1,0
34.65,9,0,0,0
306.78,13,0,1,0
12.94,14,0,1,0
19.91,13,0,0,0
60.63,16,1,0,0
5.63,19,1,0,0
52.92,20,0,3,0
84.38,12,0,1,0
150.81,16,0,1,0
144.81,19,0,0,0
736.87,8,0,0,0
75.29,18,0,1,0
178.16,20,0,1,0
128.47,18,0,0,0
146.45,21,0,2,0
34.72,10,1,1,0
83.54,19,0,1,0
165.18,16,0,3,0
78.79,8,1,0,0
193.14,19,0,3,0
70.14,21,1,1,0
29.01,21,0,0,0
11.82,8,0,1,0
29.8,13,0,2,0
96.24,8,0,1,0
61.69,14,0,0,0
134.92,16,0,0,0
47.31,20,0,1,0
147.13,12,0,2,0
38.71,14,0,1,0
374.65,16,0,3,0
35.49,12,0,0,0
199.37,17,0,2,0
56.18,15,1,0,0
28.1,8,0,1,0
316.69,8,0,1,0
49.7,18,0,0,0
127.22,18,0,1,0
18.15,8,0,1,0
332.93,21,0,2,0
14.93,16,1,3,0
208.28,20,1,2,0
1.49,8,0,0,0
38.11,9,0,0,0
64.63,9,0,0,0
126.12,10,0,0,0
119.7,8,0,1,0
32.44,16,0,1,0
7.78,12,0,0,0
10.22,10,0,0,0
0.0,16,0,0,0
144.62,18,0,0,0
14.58,15,0,1,0
168.49,11,0,2,0
32.43,16,0,2,0
19.31,11,1,0,0
62.34,12,0,1,0
133.87,12,0,0,0
187.62,12,0,0,0
73.63,12,0,0,0
34.24,11,0,0,0
55.21,10,1,1,0
309.82,8,0,0,0
161.71,12,0,1,0
48.18,14,0,1,0
119.09,19,0,1,0
55.45,13,0,2,0
151.02,17,0,1,0
33.64,8,0,3,0
53.6,19,0,0,0
96.68,9,0,1,0
16.76,15,0,1,0
130.58,8,0,0,0
109.82,12,0,1,0
428.97,20,0,1,0
128.02,9,0,1,0
97.81,15,1,1,0
88.55,8,0,2,0
105.35,19,0,0,0
318.15,9,0,1,0
11.65,10,0,2,0
218.97,8,1,1,0
38.84,12,0,2,0
0.46,12,0,0,0
26.77,21,0,1,0
74.58,19,0,0,0
80.64,13,0,0,0
79.25,20,0,3,0
89.32,14,0,3,0
3.27,12,0,0,0
716.22,17,0,3,0
55.58,14,0,2,0
17.38,11,0,0,0
25.22,18,0,3,0
127.9,19,0,0,0
40.53,10,1,0,0
82.72,12,0,2,0
305.64,19,0,1,0
62.61,19,0,2,0
82.18,10,0,2,0
37.14,14,0,0,0
130.23,14,0,0,0
127.53,14,0,1,0
50.04,9,0,0,0
47.32,21,0,1,0
112.35,21,0,0,0
112.27,21,0,4,0
188.12,8,1,2,0
349.99,16,0,1,0
35.26,8,0,3,0
41.59,21,0,1,0
45.01,8,0,1,0
85.29,20,1,0,0
33.93,11,0,2,0
90.52,15,0,1,0
75.79,11,0,0,0
21.48,18,0,0,0
149.95,11,1,3,0
145.49,16,0,0,0
9.71,17,1,0,0
89.2,20,0,1,0
101.58,21,1,1,0
10.56,19,1,1,0
24.64,16,0,1,0
131.29,14,0,5,0
26.21,10,0,0,0
21.19,8,0,1,0
10.46,21,0,3,0
75.0,18,0,0,0
510.94,14,0,0,0
65.8,9,0,1,0
158.5,20,0,0,0
177.84,11,0,0,0
72.93,20,0,1,0
17.67,19,0,1,0
15.84,20,0,0,0
131.78,8,0,0,0
153.32,13,0,0,0
54.64,18,0,1,0
78.39,15,0,4,0
61.75,13,0,0,0
54.48,21,0,1,0
175.28,14,0,0,0
50.5,15,0,1,0
112.79,13,0,0,0
6.04,13,0,2,0
13.3,11,0,1,0
26.23,19,0,0,0
92.39,11,0,0,0
52.76,14,0,2,0
129.03,15,0,1,0
27.11,10,0,0,0
348.01,11,0,2,0
91.7,13,0,0,0
225.79,13,0,1,0
13.6,19,0,0,0
28.26,21,0,1,0
64.99,14,0,2,0
88.09,20,0,1,0
108.84,19,0,1,0
1.56,15,0,2,0
173.45,15,0,0,0
140.14,18,0,1,0
406.84,11,0,1,0
29.53,13,0,1,0
113.9,18,0,0,0
116.09,9,1,0,0
69.92,15,0,3,0
13.69,10,0,0,0
30.08,10,0,3,0
634.31,19,0,3,0
292.73,15,0,3,0
137.48,21,0,1,0
115.52,9,0,0,0
220.67,14,0,0,0
30.71,18,0,2,0
15.77,17,0,2,0
14.32,8,1,0,0
67.0,14,0,2,0
311.15,16,0,1,0
66.63,14,0,1,0
158.54,12,0,0,0
168.05,8,0,3,0
37.29,21,0,1,0
50.7,12,0,1,0
12.66,9,0,1,0
118.57,8,0,1,0
383.09,19,0,1,0
34.54,11,0,1,0
137.23,20,0,1,0
82.71,10,1,1,0
16.51,8,0,2,0
185.73,15,0,0,0
25.11,20,0,2,0
33.35,14,0,1,0
56.84,18,0,1,0
76.68,10,0,1,0
184.5,21,0,0,0
59.6,8,0,1,0
64.92,19,0,0,0
11.95,17,0,1,0
241.47,8,0,1,0
37.38,10,0,3,0
54.52,9,0,1,0
146.99,8,0,1,0
37.13,9,0,0,0
22.91,12,0,0,0
80.05,19,0,3,0
79.95,10,0,3,0
11.35,18,0,1,0
199.91,16,0,0,0
9.27,12,0,1,0
269.65,19,0,2,0
286.98,10,0,1,0
244.87,21,0,1,0
194.4,10,0,1,0
137.22,21,0,1,0
160.1,21,0,0,0
38.16,11,0,1,0
11.01,14,0,0,0
48.48,10,0,2,0
14.44,14,0,1,0
167.58,14,1,1,0
4.93,8,0,0,0
595.9,12,0,0,0
58.17,18,0,2,0
464.91,9,0,0,0
109.97,14,0,0,0
304.84,11,0,1,0
83.63,9,0,2,0
109.83,19,0,1,0
217.61,15,0,0,0
30.64,19,0,0,0
17.69,13,0,1,0
268.05,14,0,1,0
69.07,16,0,1,0
4.09,14,0,0,0
33.67,12,0,1,0
34.22,17,0,0,0
13.4,15,0,1,0
286.53,18,0,1,0
22.09,14,0,0,0
75.91,15,0,2,0
5.3,14,0,0,0
111.34,21,0,0,0
277.64,12,0,0,0
75.84,8,0,0,0
102.35,15,0,3,0
185.27,13,0,1,0
128.44,21,0,0,0
22.27,20,0,0,0
4.03,17,0,0,0
387.05,16,0,1,0
82.22,20,0,1,0
150.1,10,0,1,0
54.9,13,0,2,0
48.35,8,0,0,0
20.5,13,0,2,0
193.8,15,0,2,0
176.78,12,0,0,0
11.19,20,0,2,0
64.23,19,1,1,0
97.94,18,0,1,0
256.19,19,0,2,0
39.59,15,0,0,0
76.45,13,0,0,0
52.31,12,0,0,0
22.98,11,0,5,0
59.42,11,0,0,0
6.83,11,0,2,0
214.5,8,0,2,0
172.12,19,1,1,0
48.91,21,0,1,0
55.35,13,0,1,0
70.9,11,0,0,0
154.16,20,0,1,0
427.09,10,0,2,0
18.06,16,0,2,0
208.26,10,1,1,0
27.31,20,0,0,0
214.76,19,0,1,0
19.33,14,0,1,0
80.84,10,0,2,0
125.34,8,0,1,0
126.43,21,0,2,0
79.23,17,0,0,0
532.45,14,0,1,0
100.85,9,0,1,0
167.8,14,0,1,0
25.11,19,1,0,0
10.42,12,0,0,0
118.85,12,0,1,0
79.9,18,1,0,0
21.35,17,0,0,0
18.39,17,0,2,0
269.9,8,1,0,0
2.88,17,0,0,0
45.29,10,0,1,0
0.68,14,1,3,0
33.63,11,0,0,0
179.38,17,0,2,0
31.33,14,0,0,0
35.25,21,0,0,0
47.21,9,0,2,0
124.52,9,0,2,0
24.65,9,0,0,0
61.09,21,0,2,0
2.87,12,1,0,0
53.12,12,1,0,0
6.06,9,0,0,0
39.14,16,0,1,0
10.68,9,0,1,0
365.21,17,0,3,0
1.52,10,0,1,0
92.53,10,1,2,0
8.2,17,0,2,0
47.3,17,0,3,0
157.24,10,1,2,0
31.46,15,0,1,0
187.8,14,0,1,0
62.33,11,0,0,0
15.86,14,1,1,0
26.74,9,0,1,0
59.89,11,0,4,0
205.29,17,0,1,0
14.53,18,0,1,0
21.75,8,0,1,0
71.83,12,1,1,0
163.88,12,0,0,0
154.08,20,1,1,0
110.73,15,1,1,0
18.16,16,0,1,0
101.94,9,0,2,0
161.74,12,0,1,0
88.91,12,0,1,0
93.13,14,0,2,0
222.73,14,0,1,0
4.43,14,1,0,0
11.18,17,0,0,0
178.81,14,0,1,0
38.41,10,0,0,0
87.23,10,0,1,0
45.01,8,0,1,0
42.58,19,0,1,0
130.48,10,0,3,0
31.93,11,0,2,0
72.14,11,0,0,0
163.19,9,0,0,0
398.99,20,0,1,0
4.46,19,0,1,0
62.14,10,0,0,0
83.07,12,0,3,0
20.69,10,1,0,0
91.93,16,0,0,0
112.07,21,0,1,0
201.54,15,0,1,0
217.44,14,0,0,0
146.92,14,0,1,0
55.59,17,0,0,0
98.76,17,0,0,0
81.68,20,0,2,0
3.61,20,0,1,0
11.53,15,0,0,0
207.23,8,1,1,0
50.74,17,0,1,0
58.52,12,0,0,0
81.69,21,0,2,0
27.01,12,0,2,0
116.65,13,0,0,0
82.69,13,0,1,0
5.16,21,0,1,0
128.45,17,0,0,0
78.67,20,0,2,0
76.23,9,1,1,0
502.43,17,1,0,0
23.1,16,0,1,0
38.99,10,0,3,0
113.98,17,0,1,0
30.36,16,0,0,0
335.09,18,0,1,0
169.87,20,0,1,0
35.09,8,0,0,0
314.35,8,1,1,0
116.82,11,0,1,0
51.29,12,0,1,0
329.56,10,0,3,0
30.76,17,0,2,0
144.41,14,0,1,0
100.06,15,0,1,0
150.14,19,0,2,0
63.64,16,0,0,0
73.01,19,0,3,0
1.41,17,0,0,0
145.8,14,0,2,0
7.95,14,0,1,0
46.49,17,1,1,0
45.36,17,0,1,0
247.3,21,0,1,0
22.22,18,0,2,0
250.96,12,0,0,0
12.1,10,1,0,0
137.74,11,0,0,0
15.78,20,0,1,0
205.91,20,0,0,0
115.23,12,0,1,0
318.54,17,0,0,0
6.57,9,0,2,0
28.6,13,0,3,0
78.15,20,0,0,0
24.38,21,0,1,0
17.24,14,0,1,0
187.4,12,0,0,0
120.35,20,0,1,0
31.92,8,0,3,0
49.19,14,0,2,0
151.38,20,0,3,0
90.08,10,0,3,0
56.16,18,0,1,0
156.82,12,0,1,0
7.1,9,1,2,0
45.58,21,0,1,0
61.49,8,0,3,0
179.52,15,0,0,0
74.05,14,0,0,0
282.28,19,0,2,0
8.03,12,0,1,0
730.1,8,0,1,0
458.18,12,0,0,0
165.48,17,0,0,0
208.23,20,0,1,0
200.92,17,0,0,0
16.38,14,0,1,0
264.83,15,0,0,0
112.59,20,0,1,0
90.91,16,0,1,0
449.66,18,0,0,0
29.33,20,0,1,0
496.34,21,1,1,0
550.97,8,0,1,0
250.85,20,0,0,0
28.53,10,0,1,0
0.88,17,0,0,0
55.57,12,1,2,0
245.4,18,0,4,0
156.31,8,0,0,0
26.96,21,0,0,0
43.72,8,0,0,0
69.35,19,0,1,0
50.2,10,0,1,0
250.31,9,0,0,0
55.1,11,1,0,0
32.62,16,0,1,0
61.99,8,0,2,0
93.55,8,0,1,0
75.63,17,0,1,0
197.72,19,0,0,0
37.11,13,0,0,0
346.04,18,0,0,0
145.99,8,0,0,0
36.85,18,0,0,0
119.31,13,0,0,0
599.97,11,0,0,0
269.58,11,0,4,0
114.09,10,0,1,0
19.32,17,0,2,0
29.94,20,0,0,0
47.65,16,1,1,0
100.9,10,0,0,0
72.78,9,0,0,0
49.94,13,0,0,0
37.01,15,0,1,0
16.21,12,0,1,0
137.08,21,0,0,0
30.39,19,0,1,0
10.65,12,0,1,0
29.08,14,0,2,0
11.17,8,0,1,0
160.92,20,0,1,0
29.09,13,0,3,0
15.56,13,0,0,0
32.5,18,0,2,0
261.56,11,0,1,0
94.79,9,0,1,0
171.12,14,0,0,0
243.59,21,0,3,0
214.6,18,1,0,0
140.88,16,0,0,0
51.03,16,0,1,0
82.18,10,0,1,0
40.69,13,0,0,0
34.36,9,0,2,0
74.26,19,0,3,0
19.1,11,0,0,0
195.85,15,0,1,0
71.15,15,0,0,0
226.14,16,0,1,0
11.94,21,1,1,0
17.53,13,0,0,0
59.86,13,0,2,0
98.68,11,0,2,0
105.56,15,0,3,0
237.59,11,0,0,0
174.11,16,0,2,0
120.95,12,0,0,0
75.92,16,0,0,0
67.28,9,0,1,0
80.57,18,0,0,0
167.24,15,0,2,0
34.33,11,0,1,0
215.39,21,0,1,0
46.84,18,0,3,0
35.49,21,1,0,0
181.57,14,0,0,0
115.21,9,1,1,0
135.89,12,0,1,0
182.01,8,0,1,0
56.54,16,0,1,0
71.11,14,0,0,0
76.36,13,0,0,0
58.83,11,0,1,0
21.45,18,0,0,0
14.2,10,0,0,0
35.37,8,0,0,0
466.33,12,0,3,0
6.51,8,0,0,0
108.21,8,0,0,0
80.08,19,0,2,0
13.13,17,0,1,0
92.49,13,0,1,0
22.96,18,0,1,0
103.35,15,0,0,0
135.26,18,0,1,0
280.74,16,0,1,0
94.0,19,1,3,0
212.5,11,0,0,0
15.87,8,0,1,0
201.32,17,0,2,0
17.61,13,0,2,0
31.95,17,0,0,0
165.02,8,0,1,0
95.73,13,0,3,0
77.47,10,0,1,0
162.61,10,1,1,0
31.87,21,0,0,0
261.36,15,0,4,0
31.89,14,0,3,0
27.42,18,0,2,0
47.38,8,0,1,0
136.61,12,0,0,0
53.17,15,0,0,0
132.82,15,0,0,0
219.36,13,0,2,0
516.58,9,0,2,0
197.9,20,1,1,0
192.0,19,1,0,0
54.77,14,0,1,0
32.56,10,0,1,0
203.59,17,0,2,0
396.81,18,0,0,0
33.02,11,0,0,0
267.45,20,0,0,0
101.33,19,0,0,0
76.22,12,0,1,0
66.26,19,0,3,0
441.93,18,0,1,0
36.91,10,0,1,0
7.96,9,0,1,0
92.84,19,0,0,0
104.3,11,0,0,0
77.11,13,0,0,0
136.43,14,0,0,0
4.68,15,0,1,0
271.24,14,0,1,0
81.6,14,0,0,0
5.03,13,0,0,0
495.13,18,0,2,0
3.28,14,0,4,0
156.07,15,0,1,0
60.63,11,0,0,0
40.05,19,0,0,0
84.64,19,0,2,0
54.62,21,0,3,0
17.17,15,0,2,0
55.11,9,0,2,0
119.68,9,0,0,0
275.0,16,0,2,0
116.66,10,0,0,0
169.86,9,0,2,0
150.77,21,0,0,0
0.46,20,1,2,0
376.95,11,0,1,0
170.37,16,0,0,0
38.83,8,0,1,0
161.79,18,0,1,0
34.85,19,0,1,0
14.53,8,0,0,0
24.5,9,0,1,0
8.27,18,0,1,0
62.79,15,1,0,0
108.6,16,0,0,0
76.41,15,0,1,0
74.12,13,0,1,0
44.52,8,0,0,0
73.57,19,0,1,0
48.08,17,0,2,0
60.52,14,0,2,0
44.51,8,0,1,0
300.5,20,0,1,0
182.84,13,0,0,0
21.04,20,1,1,0
77.26,21,0,0,0
282.8,8,1,0,0
87.85,10,0,0,0
30.41,17,0,0,0
102.66,15,0,2,0
31.82,9,0,1,0
177.94,10,0,0,0
165.71,15,0,0,0
104.52,12,0,0,0
152.47,18,0,1,0
17.69,18,0,1,0
26.86,20,0,1,0
39.89,18,0,0,0
10.06,21,0,3,0
170.6,9,0,1,0
97.17,8,0,0,0
0.13,21,0,0,0
40.29,14,0,2,0
102.57,8,1,0,0
114.14,21,0,0,0
123.67,15,0,2,0
250.93,21,0,0,0
12.78,8,0,0,0
48.3,8,0,2,0
22.88,8,0,1,0
175.57,15,0,1,0
3.85,19,0,2,0
18.71,13,0,0,0
66.59,11,1,2,0
4.07,11,0,2,0
69.86,21,0,3,0
425.98,17,0,1,0
262.04,9,0,1,0
21.16,8,0,1,0
56.79,21,0,1,0
54.38,14,0,0,0
15.68,15,0,1,0
199.66,13,0,2,0
116.12,21,0,1,0
284.76,12,0,0,0
168.93,9,0,1,0
62.62,21,0,0,0
37.51,16,0,1,0
73.67,16,0,4,0
110.4,16,0,0,0
48.69,9,1,0,0
31.17,11,0,3,0
215.7,19,0,0,0
96.49,12,0,0,0
98.4,15,0,1,0
86.84,9,1,0,0
195.88,17,0,0,0
120.85,8,0,2,0
82.53,10,0,0,0
80.26,20,0,0,0
473.15,14,0,2,0
63.62,14,0,0,0
76.71,11,0,1,0
124.76,16,0,2,0
641.35,12,1,0,0
79.12,18,0,1,0
137.58,15,0,3,0
19.3,18,0,1,0
190.53,10,0,0,0
46.05,13,0,1,0
107.68,10,0,0,0
62.31,21,0,0,0
136.43,18,0,0,0
6.63,18,0,0,0
23.86,18,0,2,0
82.64,9,0,0,0
153.83,13,0,1,0
109.97,9,0,1,0
68.12,12,0,3,0
53.26,20,0,2,0
15.93,8,0,1,0
185.54,15,0,2,0
12.91,18,0,1,0
288.56,13,1,2,0
37.36,15,0,3,0
211.64,12,0,2,0
72.03,14,0,1,0
0.31,17,0,1,0
97.92,10,0,0,0
0.44,20,1,2,0
22.48,20,1,1,0
121.05,8,0,1,0
0.0,11,0,0,0
204.98,12,0,0,0
24.4,17,0,2,0
130.59,9,0,0,0
44.77,20,0,0,0
216.28,12,0,0,0
77.48,13,0,2,0
34.36,15,0,0,0
204.19,13,0,1,0
38.21,11,0,1,0
14.22,21,0,2,0
197.27,20,0,1,0
158.28,14,0,1,0
111.13,8,0,0,0
167.28,16,1,0,0
113.69,8,0,1,0
229.58,9,0,0,0
14.56,21,0,2,0
121.71,16,0,2,0
117.48,15,0,2,0
114.28,12,0,3,0
27.01,20,0,0,0
59.63,8,0,1,0
116.25,14,0,1,0
127.84,19,0,0,0
88.17,21,0,0,0
17.71,14,0,1,0
414.67,9,0,1,0
29.07,14,0,3,0
156.28,16,1,1,0
160.91,9,0,0,0
62.05,10,0,2,0
136.99,10,0,2,0
31.51,15,0,0,0
110.39,20,0,1,0
162.48,8,1,0,0
106.01,10,0,0,0
233.52,15,0,0,0
22.08,8,1,0,0
295.48,15,0,1,0
121.65,9,0,1,0
267.55,12,0,0,0
23.29,11,1,3,0
76.29,13,0,1,0
6.23,17,0,0,0
25.25,17,0,1,0
240.64,19,0,1,0
85.11,16,0,0,0
2.38,14,0,0,0
63.32,16,0,0,0
25.9,16,0,0,0
100.02,18,0,0,0
72.01,19,1,1,0
43.16,8,1,0,0
30.62,19,0,1,0
46.01,8,0,1,0
21.25,10,0,0,0
14.29,11,0,0,0
78.9,19,0,2,0
189.3,11,0,1,0
14.29,14,0,1,0
2.77,16,0,1,0
140.39,17,0,2,0
137.29,21,0,1,0
201.26,8,0,3,0
149.27,14,0,2,0
2.59,21,0,0,0
27.5,10,0,2,0
29.39,20,0,1,0
9.39,20,0,2,0
162.36,21,0,0,0
204.26,18,0,0,0
70.26,10,0,1,0
75.95,20,0,2,0
23.27,20,0,1,0
40.17,17,0,2,0
98.26,17,0,1,0
47.08,8,1,1,0
130.97,18,0,1,0
28.9,18,0,2,0
29.12,11,0,0,0
140.87,21,0,1,0
148.77,10,1,1,0
3.24,15,0,0,0
183.01,18,0,2,0
103.8,8,0,0,0
83.62,8,0,1,0
37.09,19,0,2,0
9.07,8,0,0,0
4.27,11,0,2,0
63.52,10,0,0,0
183.52,20,0,1,0
23.41,21,0,2,0
18.1,18,0,2,0
64.13,15,0,0,0
53.98,13,0,2,0
200.97,17,0,2,0
7.54,20,0,1,0
23.37,19,0,2,0
89.91,12,0,3,0
29.02,11,0,1,0
370.91,20,0,0,0
233.14,8,0,2,0
64.07,21,0,1,0
228.09,17,0,3,0
55.0,10,0,0,0
52.67,9,0,1,0
18.62,19,0,0,0
45.91,11,1,0,0
124.93,21,0,1,0
0.8,20,0,0,0
196.05,9,0,0,0
72.22,10,0,0,0
69.22,16,0,0,0
90.54,17,0,3,0
274.87,8,0,2,0
53.76,14,0,4,0
28.02,16,0,0,0
19.99,8,0,0,0
49.57,13,0,2,0
118.44,11,0,1,0
16.23,8,0,1,0
98.74,8,0,0,0
11.57,13,0,0,0
50.8,10,0,0,0
47.08,10,0,1,0
92.49,8,0,0,0
115.44,10,0,1,0
163.63,20,0,1,0
151.3,15,0,0,0
205.66,16,0,0,0
44.73,20,0,0,0
153.44,15,0,1,0
29.6,11,0,0,0
165.95,15,0,0,0
27.48,21,0,3,0
156.68,16,0,1,0
185.72,19,0,1,0
13.83,15,0,0,0
12.94,11,0,2,0
51.0,9,0,1,0
35.81,19,0,1,0
264.92,16,0,0,0
327.61,16,0,0,0
52.83,20,1,3,0
207.8,20,0,2,0
182.16,11,0,1,0
320.89,10,0,2,0
7.87,20,0,0,0
33.3,10,0,2,0
83.8,21,0,0,0
207.12,21,0,1,0
11.09,17,0,2,0
37.12,18,0,1,0
5.48,20,0,3,0
37.23,19,0,2,0
80.96,11,0,2,0
213.83,12,1,2,0
66.24,11,0,3,0
69.15,15,0,2,0
331.55,10,0,0,0
41.54,16,0,1,0
105.15,13,1,1,0
39.47,11,0,3,0
29.61,14,0,2,0
39.48,11,0,0,0
34.81,16,0,0,0
28.37,19,0,1,0
8.74,21,0,1,0
34.23,14,1,3,0
5.2,18,0,0,0
45.59,21,0,1,0
46.84,16,0,1,0
63.17,15,0,2,0
201.21,20,0,1,0
161.82,8,0,0,0
39.3,16,0,0,0
123.64,10,0,0,0
79.32,18,0,1,0
289.92,15,0,0,0
517.29,18,0,1,0
249.73,15,0,2,0
4.78,19,0,1,0
235.72,15,0,1,0
105.2,13,0,2,0
132.73,11,0,1,0
80.22,16,0,0,0
177.99,15,1,0,0
303.98,20,0,1,0
73.9,18,0,2,0
2.51,18,0,1,0
3.89,13,0,0,0
69.8,8,0,3,0
167.65,20,1,0,0
132.01,20,0,1,0
14.2,10,1,2,0
16.08,20,0,1,0
91.85,14,0,2,0
13.64,21,0,1,0
5.47,14,0,2,0
43.44,19,0,2,0
16.61,10,0,2,0
190.66,19,0,1,0
24.02,8,0,0,0
19.46,18,0,1,0
131.62,15,0,0,0
35.75,12,0,1,0
40.99,11,0,1,0
80.24,19,0,2,0
9.93,9,0,3,0
92.32,20,0,1,0
249.6,9,0,0,0
17.84,12,0,1,0
289.39,21,0,1,0
20.46,16,0,1,0
86.1,18,0,2,0
102.96,17,0,0,0
213.41,18,0,0,0
47.75,12,0,0,0
360.99,8,0,1,0
72.35,11,0,0,0
422.77,15,0,1,0
175.87,13,0,1,0
61.89,10,0,0,0
116.58,19,0,3,0
7.56,8,0,2,0
131.3,9,0,1,0
18.19,12,0,1,0
148.85,9,0,0,0
14.46,17,0,1,0
9.38,15,0,0,0
80.77,9,0,4,0
65.59,10,0,2,0
92.45,11,0,2,0
169.21,16,0,0,0
150.79,17,0,1,0
86.89,13,0,1,0
18.99,16,0,0,0
20.14,12,0,0,0
31.81,21,0,1,0
72.62,20,0,0,0
68.91,8,0,2,0
19.06,15,0,1,0
141.12,16,0,2,0
247.62,21,1,1,0
66.09,17,1,1,0
89.7,18,0,1,0
158.28,19,0,1,0
184.87,17,1,3,0
26.5,16,1,1,0
31.09,14,0,1,0
35.73,14,1,0,0
49.71,9,0,0,0
110.85,10,0,1,0
109.79,18,0,1,0
75.04,17,0,1,0
42.59,14,0,0,0
86.89,11,0,0,0
29.76,19,0,2,0
115.22,18,0,0,0
146.53,17,0,1,0
34.11,20,0,0,0
234.07,21,0,2,0
272.77,10,1,1,0
299.54,8,0,1,0
144.61,12,0,0,0
31.9,13,0,2,0
1.83,8,0,2,0
11.58,10,0,1,0
192.61,12,0,1,0
8.97,16,0,0,0
336.85,17,0,2,0
115.34,14,0,0,0
126.31,14,0,4,0
75.72,21,0,2,0
80.78,12,0,1,0
74.29,20,0,1,0
250.31,11,0,1,0
2.68,15,1,0,0
317.08,10,1,2,0
177.24,12,0,1,0
8.3,11,0,2,0
97.24,18,0,0,0
78.81,20,0,1,0
47.17,21,0,0,0
293.14,10,0,3,0
58.42,8,0,1,0
16.24,14,0,0,0
103.45,14,0,1,0
104.81,16,0,0,0
12.94,8,0,3,0
2.24,10,0,2,0
33.92,14,0,0,0
159.02,18,0,2,0
294.71,19,0,5,0
191.29,10,0,1,0
17.52,13,0,1,0
157.65,14,0,0,0
86.42,11,0,0,0
31.06,19,0,1,0
290.33,13,0,0,0
17.89,20,0,1,0
64.03,17,1,0,0
32.54,20,0,3,0
30.04,12,0,3,0
233.85,15,0,1,0
198.21,16,0,0,0
80.2,15,1,0,0
16.29,15,0,1,0
35.66,17,0,0,0
8.09,18,0,0,0
165.61,17,0,0,0
9.97,15,0,0,0
266.75,20,0,0,0
59.71,15,0,2,0
90.82,12,1,1,0
7.81,12,0,2,0
204.85,12,0,1,0
60.09,8,0,0,0
74.86,18,1,1,0
51.88,21,0,0,0
174.16,15,0,1,0
167.56,13,0,3,0
343.22,8,1,0,0
9.69,20,0,1,0
122.67,15,1,0,0
86.98,13,0,2,0
6.02,9,0,1,0
13.44,16,0,2,0
99.3,19,0,0,0
114.82,21,0,0,0
251.84,21,0,3,0
35.67,12,0,1,0
127.41,12,1,2,0
109.16,12,0,0,0
38.02,17,0,2,0
87.29,16,0,0,0
48.82,20,0,2,0
26.84,18,1,1,0
227.99,14,0,1,0
374.47,17,0,0,0
133.28,17,0,0,0
169.02,20,0,1,0
102.05,16,0,0,0
175.14,8,1,3,0
82.06,18,0,1,0
7.96,18,0,1,0
166.89,15,0,0,0
117.82,12,0,2,0
134.76,21,0,0,0
42.72,15,1,1,0
49.51,21,0,1,0
56.85,12,0,0,0
48.23,9,0,4,0
122.09,15,0,0,0
110.66,14,0,1,0
320.51,18,0,0,0
41.09,14,0,3,0
74.18,18,0,0,0
25.12,13,0,2,0
289.71,9,0,1,0
149.78,21,0,0,0
70.47,21,1,0,0
10.72,9,0,0,0
7.78,16,1,1,0
10.07,19,0,3,0
29.88,10,0,1,0
91.5,17,0,0,0
182.91,16,0,1,0
74.43,19,1,0,0
20.73,14,0,0,0
53.79,16,0,0,0
131.83,21,1,0,0
162.84,21,1,1,0
16.47,10,0,2,0
39.06,18,0,0,0
99.79,18,0,0,0
70.2,10,1,0,0
15.76,21,1,2,0
27.99,9,0,0,0
8.49,13,0,1,0
134.5,15,0,2,0
31.96,18,0,0,0
85.5,13,0,1,0
87.56,14,0,1,0
176.56,18,0,4,0
82.54,13,0,0,0
133.65,12,0,2,0
13.56,12,0,1,0
136.18,10,0,2,0
95.11,15,0,0,0
15.42,13,0,1,0
203.7,21,1,0,0
2.01,9,0,1,0
2.98,8,0,0,0
60.16,19,0,0,0
26.56,12,0,2,0
100.15,17,0,1,0
29.55,13,0,0,0
20.56,21,0,3,0
250.49,16,0,3,0
183.43,9,0,0,0
44.27,19,0,0,0
29.28,19,0,1,0
69.45,12,0,1,0
28.86,14,0,1,0
4.98,17,0,2,0
136.86,11,0,1,0
76.42,14,0,0,0
119.4,12,0,1,0
4.35,19,0,0,0
3.92,10,1,0,0
1.68,13,0,1,0
62.57,11,0,0,0
68.77,11,0,0,0
192.93,20,0,1,0
23.72,13,0,0,0
149.45,17,0,0,0
317.31,11,0,2,0
5.91,11,0,0,0
69.67,16,0,0,0
104.09,10,0,1,0
122.98,8,0,1,0
34.13,20,0,2,0
5.33,21,0,2,0
140.17,21,0,3,0
110.09,19,0,1,0
136.35,14,0,1,0
25.48,20,1,2,0
36.28,11,0,0,0
18.54,9,0,1,0
74.86,11,0,1,0
7.53,18,0,1,0
109.75,19,0,2,0
23.43,17,0,1,0
382.09,13,0,1,0
35.69,19,1,1,0
162.39,20,0,2,0
0.42,10,0,0,0
315.86,13,0,1,0
4.84,21,0,1,0
223.14,10,0,0,0
61.87,15,0,1,0
162.69,12,0,4,0
264.19,9,0,2,0
142.42,16,0,1,0
66.56,8,0,0,0
59.85,9,0,2,0
187.98,21,0,2,0
363.95,14,0,2,0
79.79,17,0,0,0
9.75,19,0,1,0
114.3,11,0,2,0
57.45,20,0,2,0
12.01,19,0,2,0
220.02,14,0,0,0
40.9,17,0,2,0
109.85,10,0,1,0
11.77,20,0,0,0
320.11,21,0,1,0
137.05,10,0,1,0
26.48,17,0,1,0
76.52,16,0,0,0
58.38,11,0,1,0
101.5,19,0,2,0
616.75,9,0,1,0
250.13,15,0,2,0
57.66,19,0,0,0
140.25,12,0,1,0
118.46,12,0,0,0
171.45,21,0,0,0
29.44,9,0,1,0
19.14,15,0,1,0
111.41,11,0,1,0
53.02,20,0,2,0
73.75,10,0,2,0
4.01,10,0,1,0
1.08,9,0,1,0
0.93,9,0,0,0
227.84,21,0,1,0
73.28,18,0,0,0
101.52,14,0,1,0
125.8,13,0,2,0
255.58,11,0,0,0
111.2,16,0,1,0
84.86,13,0,0,0
122.74,14,1,0,0
113.05,20,0,1,0
105.95,21,0,1,0
64.98,11,0,2,0
15.11,9,0,1,0
139.57,20,0,2,0
47.14,12,0,1,0
67.16,13,0,0,0
131.02,18,0,1,0
117.58,16,0,2,0
85.13,10,0,3,0
53.22,13,0,0,0
254.33,11,0,3,0
83.7,17,0,2,0
133.94,14,0,2,0
201.55,18,1,2,0
25.79,8,0,0,0
73.99,17,0,0,0
146.58,21,0,1,0
52.08,19,0,2,0
397.89,17,0,0,0
122.82,18,0,1,0
83.78,15,0,1,0
38.02,11,0,1,0
34.7,8,0,0,0
105.07,16,0,2,0
97.9,10,0,3,0
115.35,8,0,1,0
2.06,13,0,3,0
30.96,9,0,0,0
251.08,19,0,1,0
249.77,16,0,1,0
95.71,17,0,2,0
128.81,15,0,0,0
9.96,8,0,0,0
136.14,9,0,4,0
80.73,9,0,2,0
97.97,19,0,2,0
114.16,13,1,1,0
199.33,20,0,0,0
20.37,16,0,2,0
41.45,13,1,1,0
54.91,19,0,1,0
37.27,9,0,1,0
248.06,17,0,1,0
255.82,16,1,1,0
230.33,17,0,0,0
75.89,15,0,2,0
14.93,8,0,3,0
21.55,10,0,0,0
111.8,10,0,0,0
25.39,19,0,1,0
19.05,14,1,1,0
94.03,19,1,0,0
312.2,13,1,0,0
93.27,15,1,0,0
1.32,20,0,2,0
88.72,9,0,1,0
112.7,13,0,1,0
12.29,20,0,0,0
134.45,16,0,4,0
19.8,10,0,4,0
202.46,11,0,1,0
508.9,20,0,1,0
3.84,8,0,1,0
72.24,13,0,1,0
70.22,10,0,0,0
68.26,8,0,1,0
17.69,15,0,0,0
53.53,10,0,1,0
295.16,16,0,1,0
204.4,13,0,0,0
34.51,9,0,0,0
23.27,9,0,2,0
939.63,20,0,0,0
75.5,9,1,1,0
183.68,20,0,1,0
109.54,15,0,2,0
236.6,12,1,1,0
70.48,11,0,0,0
84.16,13,0,1,0
219.42,15,0,0,0
13.09,14,0,1,0
32.66,10,0,1,0
160.28,8,0,0,0
14.77,10,0,1,0
110.68,9,0,0,0
94.68,17,0,1,0
320.94,14,0,2,0
33.82,9,0,0,0
159.37,15,0,2,0
260.04,21,0,2,0
74.58,10,0,1,0
30.52,15,0,0,0
148.75,15,0,1,0
29.71,17,0,5,0
124.01,10,0,0,0
33.77,12,0,0,0
109.6,19,0,1,0
2.78,8,0,0,0
59.47,12,0,2,0
75.14,15,0,0,0
65.04,16,0,1,0
150.43,15,0,0,0
40.56,15,0,0,0
8.91,8,0,0,0
3.55,14,0,2,0
196.29,14,0,2,0
367.67,19,0,1,0
49.51,19,0,0,0
81.88,11,0,0,0
256.61,18,0,2,0
7.4,14,0,0,0
47.8,18,0,0,0
38.97,14,0,1,0
186.44,16,0,0,0
34.49,16,0,1,0
7.85,15,0,1,0
80.68,19,0,0,0
60.1,13,0,0,0
36.87,20,0,1,0
5.02,18,0,1,0
37.64,14,0,1,0
14.06,21,0,2,0
23.71,14,0,2,0
78.62,19,0,2,0
16.51,17,0,1,0
40.38,16,0,1,0
120.73,21,0,1,0
104.47,15,0,0,0
19.62,9,0,4,0
190.72,11,0,1,0
96.69,14,0,1,0
66.22,12,0,0,0
2.86,13,0,2,0
113.24,18,0,0,0
111.37,19,0,0,0
109.49,9,0,0,0
69.06,13,0,1,0
5.61,21,0,0,0
23.92,16,0,1,0
67.74,21,0,0,0
128.58,10,0,2,0
74.95,15,0,1,0
49.52,8,1,2,0
261.24,11,0,0,0
107.64,14,0,1,0
85.7,12,0,1,0
67.37,9,0,1,0
7.16,21,0,0,0
58.84,8,0,1,0
40.79,17,0,1,0
109.7,21,1,1,0
114.82,20,0,0,0
97.26,13,0,1,0
101.68,12,0,1,0
40.55,8,0,0,0
164.53,15,1,0,0
79.13,13,0,0,0
33.87,11,0,0,0
132.86,19,0,1,0
64.33,13,0,3,0
73.91,8,1,0,0
39.97,15,1,2,0
6.13,16,0,0,0
45.1,20,0,0,0
103.13,10,0,2,0
35.35,11,0,1,0
51.16,10,1,1,0
4.31,20,0,3,0
280.29,16,0,1,0
10.39,20,0,1,0
14.99,18,0,1,0
8.34,19,1,2,0
222.43,20,0,2,0
19.13,14,0,0,0
78.25,20,0,1,0
53.83,15,0,0,0
143.46,13,0,3,0
482.34,17,0,1,0
260.28,13,0,1,0
122.16,16,0,0,0
81.05,21,1,2,0
5.4,9,0,4,0
106.59,8,1,0,0
66.75,12,0,0,0
240.62,20,0,2,0
15.8,16,1,1,0
10.73,17,0,1,0
248.46,21,0,1,0
90.36,8,0,2,0
94.21,13,0,3,0
53.01,15,0,0,0
0.91,21,0,0,0
40.87,21,0,1,0
6.29,18,1,1,0
31.55,16,0,2,0
218.98,13,0,0,0
148.15,21,0,1,0
68.48,15,0,0,0
20.91,11,1,2,0
31.41,13,0,0,0
80.75,9,0,1,0
46.17,18,0,1,0
91.86,12,0,1,0
92.4,17,0,0,0
8.68,17,0,1,0
113.4,14,0,0,0
66.21,14,0,0,0
118.12,14,0,1,0
17.3,16,0,2,0
80.35,12,0,1,0
0.01,19,0,1,0
159.27,16,0,4,0
83.76,21,0,1,0
6.37,18,0,0,0
36.05,18,0,1,0
52.4,12,0,1,0
40.91,12,0,2,0
33.5,11,0,1,0
352.61,16,0,0,0
32.0,14,0,0,0
265.2,8,0,3,0
73.26,20,0,0,0
19.58,8,0,1,0
10.01,18,0,1,0
267.59,21,0,0,0
104.97,12,0,2,0
4.48,13,0,0,0
34.0,8,1,1,0
28.59,15,0,0,0
229.96,13,0,2,0
152.84,15,0,1,0
2.11,16,1,1,0
0.39,14,0,2,0
28.69,14,0,1,0
144.14,9,0,0,0
12.99,15,0,4,0
5.55,12,0,1,0
66.4,19,1,1,0
104.76,18,0,1,0
81.87,21,0,0,0
8.58,9,0,3,0
22.93,9,0,1,0
120.46,19,0,1,0
17.43,15,0,0,0
6.59,10,0,0,0
63.86,8,0,0,0
109.31,17,0,0,0
37.06,17,0,1,0
30.28,15,0,2,0
71.65,8,0,1,0
67.08,20,0,0,0
75.34,18,0,3,0
16.05,13,0,0,0
85.19,9,0,0,0
142.54,19,0,0,0
1.02,20,0,1,0
113.6,15,0,1,0
232.41,13,0,1,0
267.76,11,0,1,0
49.22,11,0,0,0
145.09,20,0,0,0
246.67,13,0,1,0
38.42,15,0,1,0
413.64,10,0,0,0
254.81,21,0,0,0
27.37,10,0,0,0
82.85,8,0,1,0
71.98,9,0,1,0
22.19,14,0,2,0
374.65,14,0,1,0
5.36,20,1,0,0
23.41,18,0,1,0
319.29,17,1,1,0
2.66,20,0,0,0
18.08,18,0,2,0
199.69,13,0,0,0
328.97,8,0,1,0
34.25,9,0,1,0
1.98,8,0,0,0
5.41,10,0,2,0
102.55,10,0,0,0
134.48,18,1,1,0
90.87,18,0,0,0
408.04,10,0,1,0
25.44,8,0,0,0
197.66,8,0,2,0
38.99,15,0,0,0
13.42,14,0,1,0
23.0,10,1,1,0
37.8,14,0,1,0
17.84,18,0,1,0
101.05,20,0,0,0
35.36,9,0,4,0
22.61,18,0,2,0
71.75,16,0,0,0
123.5,8,0,0,0
54.19,21,0,0,0
12.92,20,0,1,0
102.41,10,0,2,0
8.14,18,0,2,0
74.46,15,0,2,0
5.9,12,0,1,0
102.5,12,0,3,0
86.15,16,0,0,0
148.47,17,0,1,0
6.88,12,0,0,0
144.0,9,0,0,0
75.77,19,0,1,0
88.46,16,0,0,0
41.42,12,0,2,0
152.84,19,0,1,0
20.2,15,0,0,0
29.96,11,1,3,0
142.05,18,0,0,0
51.85,8,0,1,0
292.98,16,0,2,0
61.06,12,0,3,0
38.08,8,0,0,0
38.2,12,0,1,0
54.66,13,0,0,0
22.15,8,0,2,0
16.78,19,0,0,0
185.45,14,0,2,0
39.61,8,0,0,0
58.5,14,0,0,0
192.07,21,0,1,0
120.92,19,0,1,0
260.19,16,0,0,0
70.16,13,0,0,0
147.71,17,0,1,0
1.18,16,0,1,0
67.79,8,0,2,0
39.37,17,0,0,0
117.31,18,1,2,0
22.92,10,0,1,0
36.33,17,0,1,0
94.53,20,0,0,0
86.01,16,0,0,0
23.66,8,0,0,0
174.45,16,0,1,0
248.54,17,0,3,0
2.7,8,0,1,0
23.07,14,0,2,0
95.12,15,0,1,0
0.84,9,1,0,0
30.84,19,0,0,0
95.46,8,0,1,0
77.5,12,0,0,0
0.11,12,0,3,0
48.72,21,0,0,0
134.01,14,0,1,0
215.69,21,0,0,0
410.28,11,0,1,0
28.49,16,0,0,0
0.85,19,0,3,0
29.5,20,0,4,0
106.75,9,0,2,0
41.45,19,0,0,0
110.42,10,0,2,0
257.28,13,0,1,0
100.71,18,0,0,0
11.82,20,0,0,0
96.15,18,0,0,0
43.28,15,1,2,0
14.13,20,1,0,0
173.82,12,0,1,0
212.8,21,0,1,0
23.99,13,0,0,0
76.69,18,0,0,0
40.47,18,0,0,0
73.12,11,0,3,0
28.62,19,0,1,0
10.8,12,0,0,0
87.31,12,0,2,0
10.51,14,0,2,0
60.94,13,0,2,0
46.92,9,0,0,0
217.02,21,0,2,0
43.48,20,0,1,0
30.65,12,1,1,0
90.83,15,0,1,0
1.66,16,1,0,0
192.61,20,1,0,0
5.6,13,0,1,0
231.65,16,0,3,0
75.05,13,0,0,0
70.04,8,1,2,0
113.96,17,0,1,0
121.29,16,0,0,0
53.55,18,0,1,0
52.8,17,0,1,0
115.56,13,0,0,0
66.3,16,0,1,0
99.04,21,0,2,0
43.83,10,0,1,0
82.85,10,0,0,0
181.31,19,0,3,0
52.81,11,0,2,0
48.99,15,0,0,0
30.81,15,0,2,0
84.73,17,0,0,0
219.63,13,0,0,0
2.67,17,0,3,0
57.09,17,0,0,0
135.3,8,1,2,0
64.76,14,0,1,0
295.94,12,0,1,0
39.19,17,0,1,0
142.97,10,0,1,0
108.53,16,0,1,0
67.4,21,1,1,0
9.14,13,0,3,0
95.07,17,0,2,0
33.32,9,0,0,0
164.71,20,1,1,0
10.46,20,0,1,0
58.33,19,0,3,0
59.3,10,0,0,0
104.63,9,0,0,0
4.35,14,0,2,0
101.66,9,0,0,0
4.45,17,0,1,0
30.37,15,0,1,0
77.3,12,0,1,0
271.6,15,1,1,0
142.1,16,0,2,0
93.86,11,0,1,0
151.61,19,0,0,0
6.76,11,0,0,0
27.89,13,0,1,0
171.04,14,0,2,0
112.54,12,0,0,0
47.54,12,0,0,0
98.76,20,0,1,0
6.44,8,1,0,0
34.1,9,0,0,0
122.02,21,0,1,0
46.01,13,0,2,0
73.07,21,0,1,0
85.91,10,1,1,0
121.3,11,0,1,0
5.76,8,0,0,0
84.92,8,0,1,0
234.37,12,0,0,0
0.17,1,0,6,0
36.63,3,1,8,1
10293.49,0,1,8,1
958.99,4,1,12,1
1546.7,5,0,8,1
885.36,4,0,6,0
3925.67,3,1,5,1
1239.52,3,1,8,1
804.8,4,1,12,1
3002.52,4,1,5,1
959.66,1,1,11,1
17096.23,1,0,10,1
1076.28,5,1,6,1
1972.18,4,1,9,1
737.43,0,1,7,1
1256.52,2,1,6,1
1397.18,1,1,11,1
1022.02,1,0,10,1
1009.96,5,1,7,1
1848.95,2,1,6,1
4768.93,5,1,3,1
1139.65,0,1,9,1
579.01,3,1,11,1
64.21,4,1,12,1
6142.31,4,0,6,1
482.08,4,1,10,1
981.13,1,0,6,0
895.35,1,1,6,0
812.79,1,1,8,1
3421.14,2,1,9,1
393.33,5,1,12,1
827.3,3,0,11,1
3902.11,0,1,6,1
329.69,1,1,11,1
2680.77,5,1,12,1
1039.26,2,1,10,1
159.72,5,1,8,1
1158.78,5,1,9,1
5667.48,5,1,9,1
579.61,2,1,7,1
1529.41,3,1,9,1
4309.04,2,1,9,1
450.08,5,1,9,1
3810.28,1,1,6,1
4760.74,4,1,7,1
1956.61,5,1,13,1
1330.3,1,1,8,1
673.18,0,0,6,0
821.29,4,1,7,1
1172.76,0,1,8,1
1297.99,0,1,10,1
2714.58,5,1,6,1
1053.68,1,1,4,1
2865.11,0,1,5,1
867.7,3,1,3,0
4543.09,2,0,11,1
714.78,2,1,5,0
1197.09,1,1,9,1
3106.37,4,0,8,1
3662.96,4,1,9,1
91.52,1,1,8,1
2956.34,5,1,5,1
7386.75,5,0,7,1
2133.46,5,1,10,1
1353.5,1,1,3,1
75.81,2,1,11,1
1347.9,2,0,10,1
4197.75,5,1,13,1
328.86,2,1,6,0
5639.78,2,1,5,1
991.84,2,1,11,1
1579.34,2,0,8,1
720.98,4,1,9,1
84.47,2,1,13,1
2756.33,4,1,7,1
183.08,1,1,9,1
1999.08,2,1,6,1
136.13,3,1,9,1
4212.05,1,0,8,1
2280.06,4,1,4,1
1050.39,2,1,7,1
2480.07,5,0,6,1
995.14,3,1,5,0
1790.61,1,1,6,1
227.69,5,1,9,1
37.66,1,1,4,0
493.08,1,1,14,1
5276.67,3,1,9,1
197.34,2,1,7,1
3334.05,1,1,8,1
2436.74,0,1,14,1
454.9,4,1,7,1
1275.81,0,1,4,1
2033.64,3,1,3,1
8774.38,2,1,5,1
858.23,0,1,7,1
3875.2,2,1,6,1
458.67,5,1,1,0
654.03,3,1,4,0
4867.14,5,1,7,1
