amount,hour_of_day,is_foreign,num_transactions_last_hour,is_fraud
12.34,11,0,0,0
107.43,17,0,2,0
47.09,13,0,1,0
94.88,19,0,1,0
113.78,17,0,0,0
114.72,12,0,2,0
310.13,17,0,2,0
101.4,8,1,1,0
71.94,19,0,2,0
9.01,13,1,0,0
49.02,10,0,2,0
34.31,16,0,0,0
14.55,15,0,1,0
1.02,17,0,3,0
53.24,16,0,2,0
67.84,13,0,3,0
2.16,12,0,2,0
81.99,12,0,0,0
8.08,20,0,0,0
52.37,8,0,0,0
37.7,14,0,1,0
147.21,13,0,2,0
91.88,17,0,2,0
54.02,14,0,2,0
40.81,11,0,1,0
2.54,16,0,0,0
9.38,21,0,1,0
192.47,17,0,1,0
67.55,20,0,0,0
28.72,14,0,2,0
143.24,16,0,1,0
77.7,20,0,1,0
48.71,13,0,0,0
103.3,14,0,1,0
18.83,10,0,3,0
123.51,10,0,1,0
4.1,20,0,0,0
91.61,21,0,1,0
22.73,17,0,0,0
28.63,21,0,0,0
50.93,12,0,1,0
125.13,14,0,0,0
157.23,12,0,1,0
225.26,18,0,3,0
24.92,8,0,0,0
1.31,20,0,2,0
143.05,20,0,3,0
20.17,12,0,0,0
157.77,20,0,1,0
301.09,12,0,1,0
0.39,17,0,1,0
228.56,15,0,2,0
217.51,20,0,1,0
433.82,10,0,2,0
195.81,14,0,1,0
34.28,11,0,2,0
223.17,19,0,1,0
66.74,18,0,2,0
67.61,9,0,0,0
236.64,13,0,0,0
148.31,18,0,2,0
108.39,15,0,1,0
51.21,10,0,1,0
182.42,15,0,2,0
51.95,17,0,0,0
6.9,18,0,0,0
100.62,20,0,2,0
18.62,8,0,0,0
211.66,9,0,1,0
25.79,11,0,0,0
8.55,21,0,0,0
81.31,19,0,0,0
190.48,14,0,0,0
4.85,14,0,2,0
118.73,14,1,1,0
71.7,21,0,1,0
5.22,16,0,1,0
122.82,8,0,2,0
245.64,14,0,0,0
0.57,11,0,2,0
26.63,10,0,1,0
490.35,10,1,2,0
143.68,20,0,1,0
142.85,17,1,0,0
64.59,19,0,3,0
45.74,13,0,1,0
47.58,19,0,0,0
64.63,18,0,1,0
27.2,19,0,2,0
196.38,15,0,1,0
85.9,18,0,0,0
29.02,19,0,2,0
15.64,21,0,0,0
18.95,12,0,2,0
0.09,8,0,0,0
172.09,18,0,0,0
148.95,16,0,1,0
1.46,11,0,0,0
41.29,18,0,1,0
25.64,10,1,0,0
158.71,11,0,0,0
289.15,13,0,0,0
49.83,16,0,1,0
162.17,15,0,2,0
25.04,19,0,2,0
71.67,18,0,0,0
198.54,20,0,1,0
2.85,11,0,0,0
120.29,14,0,0,0
137.1,16,0,1,0
61.93,11,0,1,0
138.39,17,0,1,0
25.54,11,0,0,0
111.74,8,0,1,0
115.2,12,0,1,0
107.92,15,0,0,0
124.81,14,0,1,0
114.95,11,0,0,0
9.02,17,0,2,0
124.05,11,0,0,0
69.23,12,0,0,0
34.06,10,0,1,0
96.88,9,0,3,0
55.81,14,0,3,0
9.58,8,0,2,0
176.21,15,0,0,0
24.73,15,0,2,0
106.65,15,0,0,0
51.76,20,0,4,0
27.13,20,0,0,0
26.77,13,0,0,0
8.78,19,0,0,0
154.0,8,0,4,0
128.37,21,0,2,0
253.97,19,0,2,0
28.67,15,1,2,0
75.9,15,0,0,0
8.02,17,1,2,0
202.99,10,0,1,0
290.32,9,0,1,0
35.09,10,1,2,0
0.19,21,0,2,0
235.07,20,0,2,0
38.44,10,0,0,0
3.0,16,0,0,0
20.68,9,0,3,0
59.92,18,0,1,0
36.5,12,0,0,0
2.0,10,1,1,0
214.26,18,0,2,0
16.18,16,0,0,0
156.01,19,0,1,0
426.82,21,0,0,0
141.43,20,0,3,0
93.4,12,1,0,0
228.37,18,0,0,0
7.33,16,0,0,0
293.58,16,1,2,0
206.69,11,0,1,0
37.51,10,1,0,0
4.57,12,0,0,0
22.51,10,0,2,0
102.09,20,0,0,0
85.42,14,0,3,0
122.54,20,1,1,0
135.47,20,0,3,0
230.96,17,0,0,0
116.08,11,1,2,0
57.14,9,0,1,0
68.71,15,0,1,0
9.56,9,0,1,0
43.8,17,0,1,0
388.68,8,0,2,0
113.04,9,0,0,0
60.2,11,0,1,0
190.74,16,0,2,0
56.22,18,0,0,0
77.73,8,1,1,0
119.31,11,0,1,0
68.88,13,0,0,0
226.81,15,0,1,0
18.68,17,0,0,0
154.66,21,0,2,0
35.15,15,0,2,0
129.44,21,0,1,0
23.08,10,0,2,0
54.49,18,1,1,0
82.42,9,0,0,0
44.22,21,0,2,0
30.29,21,0,2,0
80.14,16,0,1,0
196.64,18,0,0,0
3.77,8,0,0,0
37.01,11,0,0,0
137.48,13,0,1,0
222.25,18,1,0,0
197.55,16,0,1,0
127.76,20,1,0,0
34.84,18,0,1,0
38.68,19,0,0,0
8.04,12,0,1,0
29.28,13,0,0,0
62.9,21,1,3,0
22.91,15,0,3,0
230.32,14,0,0,0
35.81,12,0,1,0
168.04,10,0,0,0
399.53,21,0,1,0
1.86,16,1,0,0
145.03,15,0,1,0
2.97,12,0,0,0
305.77,17,0,1,0
44.38,9,0,1,0
89.83,15,1,4,0
100.36,12,0,0,0
19.77,9,1,1,0
82.97,20,0,0,0
16.61,14,0,0,0
100.42,14,0,1,0
29.56,15,0,1,0
126.95,17,0,0,0
168.75,10,1,1,0
207.88,14,0,0,0
96.68,16,0,0,0
70.54,19,0,1,0
145.09,10,0,1,0
119.66,10,1,0,0
155.95,21,0,1,0
273.32,14,0,0,0
226.74,11,1,2,0
413.27,17,0,0,0
93.52,13,0,1,0
165.17,21,0,2,0
41.68,14,0,3,0
184.73,17,1,1,0
3.11,14,0,2,0
36.29,18,0,1,0
128.33,15,0,1,0
129.63,12,1,1,0
46.37,15,0,4,0
57.47,13,0,2,0
128.93,13,1,0,0
22.47,9,0,1,0
126.99,21,1,0,0
11.25,10,0,0,0
26.38,18,0,0,0
20.27,9,0,0,0
153.8,12,1,0,0
1.73,19,0,1,0
46.9,15,0,1,0
2.41,20,0,0,0
8.73,13,0,1,0
17.11,20,0,1,0
599.01,16,0,1,0
102.16,10,0,1,0
217.66,14,0,4,0
52.23,11,0,1,0
0.23,21,0,0,0
287.96,8,0,5,0
68.49,13,0,0,0
14.65,10,0,0,0
136.2,16,0,1,0
92.03,21,0,2,0
25.63,12,1,0,0
12.56,13,0,4,0
186.82,11,0,0,0
145.19,18,0,1,0
64.22,14,0,0,0
46.07,14,0,0,0
178.3,10,0,1,0
134.27,18,0,0,0
56.72,21,0,0,0
4.3,21,0,2,0
37.6,8,0,0,0
49.01,10,0,2,0
31.78,15,0,1,0
94.56,11,0,1,0
89.48,16,0,1,0
45.7,18,0,0,0
180.1,14,0,2,0
32.7,20,0,0,0
1.26,21,0,2,0
22.46,17,0,2,0
166.33,21,0,2,0
80.66,14,0,1,0
93.3,14,0,1,0
280.52,9,0,0,0
47.29,15,0,1,0
274.39,17,0,1,0
109.94,17,0,0,0
14.27,12,0,1,0
81.62,13,0,0,0
38.72,9,1,3,0
98.63,21,0,1,0
82.89,8,0,0,0
4.47,18,0,2,0
90.08,12,0,2,0
149.04,18,0,2,0
22.55,19,0,1,0
401.65,10,1,0,0
28.84,16,0,1,0
23.29,13,0,2,0
164.73,11,0,1,0
128.89,16,0,0,0
11.5,8,0,3,0
64.33,11,0,0,0
125.16,18,0,0,0
149.29,19,0,0,0
86.91,12,0,1,0
43.39,15,0,0,0
106.71,20,0,0,0
67.16,9,0,1,0
516.82,9,0,0,0
136.88,12,0,1,0
220.45,14,0,1,0
13.68,19,0,2,0
55.78,17,0,1,0
24.61,13,0,2,0
143.62,14,0,1,0
95.62,17,0,0,0
317.09,21,0,2,0
66.14,14,0,1,0
9.52,17,0,2,0
77.1,14,0,2,0
3.29,18,0,1,0
206.95,8,0,0,0
132.0,14,0,1,0
104.39,11,0,1,0
116.18,14,1,2,0
180.07,11,0,1,0
265.33,15,0,3,0
83.6,19,0,1,0
151.24,16,0,3,0
39.33,15,0,0,0
4.67,13,0,0,0
112.78,18,0,2,0
28.79,15,0,5,0
213.86,17,0,1,0
4.68,18,0,1,0
5.35,14,1,0,0
232.18,8,0,1,0
67.79,10,0,1,0
134.03,20,0,1,0
30.92,11,0,0,0
74.32,8,0,2,0
211.86,19,0,1,0
95.56,10,0,1,0
41.08,16,0,1,0
212.92,19,0,0,0
22.82,9,0,1,0
31.83,21,0,0,0
182.96,16,0,1,0
38.52,17,0,0,0
139.58,14,0,0,0
8.57,11,0,3,0
62.62,20,0,0,0
24.73,14,0,1,0
35.49,9,0,1,0
65.45,8,0,2,0
190.08,9,0,0,0
132.7,14,0,0,0
46.44,21,0,0,0
79.07,13,0,2,0
29.88,13,0,1,0
85.22,16,0,3,0
229.21,16,0,0,0
53.52,21,0,3,0
2.49,13,0,2,0
1.92,14,0,1,0
11.23,20,0,1,0
79.27,18,0,3,0
332.17,13,0,3,0
5.36,9,0,0,0
62.9,16,0,1,0
333.6,20,0,1,0
15.81,16,0,0,0
248.9,15,0,1,0
259.65,20,0,2,0
181.8,12,0,1,0
45.95,21,0,1,0
35.13,9,0,0,0
126.19,13,0,2,0
724.71,18,0,0,0
165.79,12,1,0,0
252.74,18,0,0,0
12.91,9,0,3,0
188.63,9,0,0,0
0.96,15,0,2,0
0.04,8,0,1,0
176.49,11,0,2,0
60.55,19,0,0,0
76.67,20,0,0,0
2.23,17,0,2,0
88.53,21,0,1,0
114.37,18,0,1,0
75.26,12,0,1,0
373.66,13,0,1,0
0.24,13,0,2,0
184.34,18,0,2,0
268.54,17,0,0,0
57.5,21,1,1,0
67.07,12,0,1,0
12.01,20,0,1,0
22.67,17,0,1,0
218.04,8,0,3,0
10.16,10,1,1,0
57.2,12,0,2,0
222.63,10,0,2,0
30.81,20,0,3,0
547.83,21,0,1,0
142.63,10,1,1,0
142.07,13,0,1,0
199.56,14,0,2,0
11.06,12,0,3,0
51.21,16,0,1,0
4.91,18,1,3,0
169.96,21,0,3,0
47.32,10,0,2,0
62.21,19,0,0,0
54.32,21,0,3,0
62.68,11,0,0,0
32.99,17,1,1,0
24.13,17,0,1,0
151.04,12,0,0,0
23.38,14,0,0,0
272.54,20,0,1,0
213.68,21,0,0,0
60.61,8,1,0,0
52.86,15,0,1,0
89.26,15,0,1,0
19.52,17,0,1,0
49.96,10,0,1,0
99.44,12,0,1,0
96.59,16,0,0,0
3.44,12,0,0,0
7.19,16,0,2,0
107.17,14,0,1,0
333.06,14,0,1,0
139.61,16,0,0,0
33.42,14,0,2,0
33.48,8,0,0,0
54.29,11,0,1,0
96.46,11,0,3,0
166.54,18,0,1,0
111.67,11,0,0,0
15.39,18,0,1,0
106.46,15,0,1,0
204.9,17,0,2,0
6.34,16,0,1,0
76.9,8,0,3,0
109.4,21,0,3,0
22.31,14,0,1,0
182.02,18,0,0,0
16.16,11,0,3,0
226.84,12,0,2,0
46.39,20,0,2,0
22.69,18,0,1,0
11.34,10,0,2,0
35.24,10,0,1,0
36.4,13,0,1,0
18.3,9,0,0,0
181.83,11,0,1,0
69.93,17,0,1,0
69.66,18,0,1,0
139.02,9,0,4,0
203.56,19,0,1,0
2.28,21,0,0,0
13.48,13,0,2,0
101.3,21,1,0,0
58.68,17,0,0,0
75.13,10,0,1,0
56.51,17,0,1,0
32.49,12,0,0,0
63.56,11,0,2,0
11.59,12,0,1,0
231.74,9,0,1,0
196.56,9,0,2,0
257.82,20,0,2,0
19.1,11,0,0,0
144.08,20,0,1,0
216.71,21,0,1,0
274.9,10,0,1,0
125.71,13,0,0,0
101.63,15,0,0,0
45.02,15,1,1,0
78.89,17,0,1,0
74.45,21,0,1,0
6.56,15,1,1,0
85.78,13,0,2,0
124.56,15,1,0,0
414.99,15,0,2,0
321.34,16,0,1,0
10.91,11,1,1,0
179.3,15,0,0,0
40.11,18,0,1,0
145.57,14,0,0,0
101.9,11,0,2,0
244.26,10,0,2,0
17.77,15,0,3,0
102.17,19,0,3,0
428.25,19,0,1,0
37.5,12,0,0,0
24.1,16,0,1,0
24.32,20,0,1,0
70.29,11,0,0,0
7.58,13,0,0,0
1.3,15,0,2,0
26.01,11,1,1,0
3.77,20,0,0,0
5.49,21,0,0,0
10.65,18,0,3,0
15.0,13,1,1,0
382.26,15,0,3,0
66.32,9,0,0,0
48.6,17,1,2,0
132.24,20,0,1,0
37.35,16,0,2,0
9.32,17,1,5,0
236.7,20,0,0,0
22.81,19,0,2,0
65.22,14,0,1,0
83.12,17,0,1,0
20.11,10,0,0,0
169.94,8,0,0,0
225.82,8,0,2,0
60.23,21,0,1,0
291.95,15,0,1,0
104.43,20,0,1,0
19.93,20,0,1,0
544.64,16,0,0,0
45.71,9,0,1,0
46.43,19,1,3,0
20.73,11,0,1,0
121.74,15,0,2,0
528.58,12,0,1,0
40.41,16,0,1,0
179.76,17,0,1,0
29.12,19,0,1,0
260.33,17,0,1,0
20.17,16,0,0,0
58.73,10,0,0,0
110.49,12,0,2,0
49.87,16,0,1,0
0.81,8,0,0,0
496.1,20,0,1,0
8.4,17,0,1,0
27.97,18,0,2,0
154.93,16,0,0,0
50.98,15,0,2,0
52.46,13,0,1,0
83.86,21,0,1,0
194.22,14,0,1,0
192.8,10,0,0,0
38.28,21,0,1,0
51.43,18,0,0,0
73.1,13,0,0,0
245.08,18,1,2,0
66.64,15,0,0,0
285.51,10,0,1,0
24.69,11,0,1,0
187.42,12,0,1,0
123.25,8,0,2,0
16.86,9,0,0,0
76.7,18,1,0,0
118.27,20,0,0,0
25.55,20,0,2,0
21.07,8,0,1,0
42.45,17,0,0,0
7.26,15,0,1,0
176.33,16,0,2,0
8.25,20,0,0,0
129.32,18,0,1,0
50.93,16,0,0,0
101.99,19,0,2,0
19.58,9,0,2,0
109.35,8,0,0,0
74.92,10,0,2,0
173.48,13,0,0,0
43.39,14,0,3,0
12.16,19,0,2,0
271.25,10,1,3,0
276.16,10,0,1,0
23.0,20,0,1,0
93.81,10,0,2,0
213.43,9,0,2,0
233.76,15,0,1,0
129.51,8,0,0,0
31.42,14,0,1,0
219.88,8,0,0,0
29.16,9,0,1,0
45.36,12,0,0,0
105.01,14,0,0,0
35.21,12,0,1,0
53.24,14,0,1,0
3.32,14,1,0,0
16.14,20,0,0,0
47.0,20,0,0,0
8.08,15,0,2,0
93.64,16,0,1,0
9.69,13,0,1,0
51.5,8,0,1,0
85.65,19,0,1,0
81.2,9,0,2,0
150.17,17,0,1,0
58.22,9,0,1,0
8.46,18,0,0,0
83.87,16,0,1,0
4.36,12,1,1,0
32.6,10,0,4,0
164.38,14,0,0,0
76.81,12,0,1,0
55.95,19,0,1,0
127.27,18,0,2,0
60.14,9,0,1,0
28.13,9,1,0,0
71.66,11,0,0,0
84.12,9,0,1,0
199.23,21,0,1,0
54.49,18,0,0,0
40.54,14,0,3,0
4.0,9,0,1,0
26.26,9,0,0,0
68.44,13,0,0,0
8.92,16,0,0,0
3.51,12,0,2,0
267.41,16,1,1,0
12.6,19,0,1,0
86.19,18,0,2,0
190.53,15,0,1,0
148.64,17,0,0,0
11.11,8,0,0,0
32.94,20,0,0,0
94.95,12,0,0,0
46.53,9,0,0,0
142.01,15,0,1,0
308.74,13,0,0,0
30.14,15,0,2,0
117.25,12,0,0,0
12.53,12,0,1,0
14.21,10,0,2,0
5.07,20,1,1,0
198.44,20,0,0,0
227.32,9,0,0,0
68.86,17,0,1,0
138.2,8,0,0,0
449.37,18,0,1,0
343.93,19,0,0,0
62.61,11,0,2,0
58.69,14,0,0,0
137.99,15,0,2,0
164.86,14,0,3,0
94.67,13,0,1,0
13.25,12,0,0,0
87.37,9,1,1,0
172.91,13,0,0,0
38.23,17,0,1,0
5.59,21,0,1,0
105.97,8,0,2,0
66.16,16,0,1,0
70.42,18,0,0,0
185.68,12,0,3,0
143.85,18,0,1,0
203.0,11,0,1,0
212.57,9,0,0,0
40.31,18,0,1,0
28.35,19,0,3,0
34.95,18,0,0,0
24.68,18,0,1,0
30.43,21,0,1,0
22.93,11,0,1,0
29.93,8,0,2,0
6.18,12,0,0,0
13.83,19,0,3,0
133.57,21,0,0,0
131.42,12,0,1,0
97.34,18,0,3,0
168.97,10,0,0,0
37.81,19,0,1,0
200.98,16,0,3,0
143.57,15,1,4,0
266.04,9,0,3,0
128.5,13,0,1,0
284.57,20,0,0,0
26.54,14,0,2,0
49.85,10,0,0,0
447.98,9,0,1,0
285.79,20,0,0,0
147.36,19,0,0,0
140.16,20,0,2,0
51.35,20,1,0,0
27.54,20,0,1,0
2.03,13,0,1,0
10.35,16,0,1,0
157.91,16,0,0,0
77.73,21,0,0,0
317.47,16,0,1,0
42.76,19,0,3,0
77.09,10,0,0,0
58.38,16,0,0,0
31.34,18,0,1,0
17.72,21,0,0,0
56.38,8,0,2,0
68.82,12,0,1,0
62.99,18,0,0,0
33.65,13,0,1,0
71.78,12,0,0,0
0.06,12,0,3,0
31.07,19,0,2,0
12.5,19,0,1,0
37.12,8,0,1,0
116.51,19,1,0,0
67.92,11,0,2,0
24.1,11,0,2,0
78.39,15,0,2,0
122.98,16,0,0,0
15.3,21,0,1,0
65.07,18,1,1,0
146.14,16,0,1,0
525.03,13,0,0,0
45.22,9,0,0,0
65.44,20,0,2,0
103.43,21,0,2,0
58.12,15,0,2,0
66.56,8,0,0,0
73.38,9,1,1,0
177.04,15,0,0,0
180.73,17,0,0,0
178.37,21,0,2,0
50.02,10,1,2,0
108.09,21,0,3,0
85.19,18,0,0,0
113.03,11,0,0,0
484.97,20,0,3,0
324.11,20,0,1,0
132.83,14,0,1,0
384.26,9,0,1,0
91.73,16,0,0,0
6.59,13,0,3,0
11.04,11,0,0,0
63.02,8,0,0,0
108.41,9,0,1,0
193.35,21,0,1,0
304.2,9,0,0,0
2.28,18,0,0,0
378.89,13,0,1,0
242.13,8,1,2,0
66.41,14,0,0,0
168.65,12,1,1,0
45.6,12,0,5,0
5.77,16,1,0,0
185.79,17,0,1,0
55.87,13,0,1,0
134.95,17,0,0,0
34.22,8,0,0,0
78.68,9,1,1,0
32.01,21,0,1,0
3.46,14,0,0,0
354.25,15,0,0,0
24.68,16,0,0,0
10.48,19,0,2,0
216.35,9,1,1,0
5.81,10,0,4,0
8.84,15,0,0,0
28.66,15,0,1,0
329.49,9,0,0,0
34.5,8,0,2,0
4.72,10,0,0,0
1.02,16,0,2,0
12.38,11,0,2,0
8.98,8,0,1,0
28.38,11,0,0,0
207.02,21,0,0,0
37.9,11,0,0,0
140.95,16,0,1,0
16.35,19,0,1,0
377.32,9,0,1,0
19.63,10,0,1,0
35.25,8,0,1,0
103.9,20,0,1,0
48.7,8,0,1,0
36.8,21,0,2,0
223.65,17,0,1,0
38.99,18,0,4,0
124.39,12,0,1,0
21.43,13,0,1,0
29.21,10,0,2,0
1.6,16,0,2,0
163.62,17,0,1,0
0.59,13,0,1,0
87.24,9,0,1,0
8.39,11,0,2,0
44.24,8,0,0,0
7.43,20,1,1,0
103.99,14,0,0,0
73.89,12,1,1,0
96.04,12,0,0,0
44.43,12,0,2,0
94.63,17,0,2,0
0.77,8,0,1,0
144.15,18,0,0,0
26.43,11,0,1,0
140.22,15,1,0,0
270.78,16,0,0,0
274.59,12,1,1,0
50.75,12,0,1,0
166.27,13,0,1,0
76.83,16,0,0,0
193.74,18,0,0,0
391.46,19,0,1,0
73.12,20,0,4,0
10.21,10,0,0,0
210.21,19,0,1,0
349.15,8,0,1,0
37.82,15,0,1,0
54.7,17,0,0,0
60.17,10,0,0,0
83.75,16,0,1,0
32.39,10,0,0,0
23.42,17,0,1,0
343.64,10,0,3,0
483.38,15,0,0,0
14.1,12,0,0,0
42.76,19,0,2,0
8.11,10,0,1,0
71.44,20,1,0,0
156.93,13,0,1,0
58.54,9,0,2,0
815.35,8,1,0,0
10.25,8,0,0,0
91.11,10,0,2,0
91.23,10,0,1,0
12.1,17,0,0,0
143.11,19,0,1,0
54.07,17,0,0,0
35.56,17,0,1,0
162.94,11,0,0,0
130.39,14,0,0,0
54.08,13,0,2,0
2.42,19,0,0,0
135.6,9,0,0,0
26.56,21,0,0,0
10.05,13,0,0,0
264.8,12,0,1,0
33.41,15,0,1,0
63.43,12,0,1,0
44.84,15,0,0,0
66.65,19,1,0,0
4.92,14,0,2,0
14.37,9,0,2,0
21.54,10,0,1,0
26.59,20,0,0,0
147.31,15,0,0,0
32.32,13,1,0,0
73.0,10,0,0,0
226.71,18,0,1,0
25.95,14,0,0,0
7.08,9,0,4,0
23.25,13,0,2,0
59.27,20,0,0,0
93.61,21,0,3,0
47.13,16,1,2,0
39.35,20,0,2,0
129.22,8,0,3,0
35.91,12,0,1,0
66.88,21,0,1,0
47.16,20,0,1,0
188.26,13,0,0,0
0.63,17,0,0,0
10.76,17,0,1,0
226.19,12,1,1,0
43.04,20,0,1,0
7.71,19,0,2,0
144.01,21,0,1,0
58.88,12,0,1,0
229.92,19,0,1,0
109.38,21,0,1,0
175.12,9,0,2,0
24.64,21,0,2,0
150.02,17,0,1,0
38.69,15,0,1,0
86.35,12,0,0,0
1.2,8,1,1,0
29.29,17,0,1,0
4.94,11,0,2,0
111.2,18,0,1,0
5.94,19,0,1,0
208.67,14,0,1,0
78.19,9,0,2,0
143.08,21,0,0,0
36.42,8,1,1,0
366.75,10,0,0,0
18.73,10,0,3,0
196.06,19,0,2,0
26.7,18,0,0,0
6.48,8,0,0,0
186.76,17,0,1,0
4.51,12,0,1,0
171.98,17,0,1,0
8.35,18,1,0,0
76.1,19,0,2,0
42.6,10,0,0,0
340.55,19,0,0,0
30.45,16,0,2,0
3.02,8,0,0,0
134.06,9,0,0,0
166.98,17,0,1,0
176.34,21,0,1,0
178.44,8,1,3,0
200.24,15,0,1,0
122.42,9,0,1,0
71.61,13,1,2,0
190.4,15,0,2,0
92.92,14,0,0,0
85.11,13,1,3,0
86.87,19,0,2,0
145.23,10,0,1,0
79.54,21,0,1,0
180.66,10,0,1,0
15.44,21,0,0,0
149.3,11,0,3,0
48.99,12,0,0,0
63.21,13,0,0,0
31.0,8,1,0,0
109.37,19,0,2,0
60.95,21,0,1,0
242.07,21,0,1,0
24.66,14,0,2,0
1.2,9,0,1,0
17.01,14,0,1,0
84.2,12,0,0,0
12.06,15,0,2,0
12.92,8,0,1,0
135.45,21,0,1,0
65.8,9,0,2,0
42.84,19,0,2,0
73.37,12,0,0,0
68.89,15,1,2,0
79.63,17,0,1,0
19.64,10,1,0,0
7.26,10,0,1,0
126.62,15,1,1,0
147.47,19,1,0,0
67.12,12,0,2,0
55.85,14,0,1,0
8.38,16,0,2,0
72.95,19,1,2,0
83.27,13,0,3,0
74.84,14,0,3,0
2.07,14,0,2,0
124.31,14,0,0,0
53.87,9,0,0,0
46.07,17,0,1,0
110.36,14,0,2,0
87.14,13,0,1,0
15.42,16,0,3,0
262.47,14,0,0,0
231.9,17,0,0,0
18.83,21,0,0,0
25.72,17,0,2,0
18.8,10,0,1,0
77.23,11,0,0,0
22.32,10,0,2,0
72.67,18,0,3,0
52.54,10,0,2,0
17.45,8,0,2,0
22.72,12,0,0,0
64.8,14,0,0,0
40.71,17,0,2,0
26.91,17,0,0,0
57.07,15,0,2,0
54.28,19,0,0,0
170.72,10,0,0,0
162.8,17,0,2,0
92.21,11,0,0,0
127.4,14,0,1,0
329.6,21,1,2,0
336.38,10,0,1,0
31.08,15,1,1,0
19.88,11,0,1,0
20.59,16,0,3,0
12.21,15,0,1,0
196.97,10,0,3,0
35.04,14,0,1,0
31.86,19,0,1,0
118.89,13,1,2,0
258.84,10,0,2,0
88.3,8,1,3,0
171.36,18,0,3,0
192.82,15,0,1,0
165.46,9,0,3,0
60.76,15,1,1,0
87.86,16,0,1,0
66.61,15,0,0,0
30.85,11,0,1,0
37.4,11,0,3,0
199.42,12,0,1,0
76.69,12,0,0,0
466.53,10,0,1,0
220.81,14,0,0,0
35.51,19,0,1,0
34.86,21,1,2,0
16.4,18,0,0,0
146.0,12,0,1,0
251.97,10,0,4,0
177.29,12,0,1,0
77.25,16,0,3,0
38.46,20,1,0,0
190.09,21,1,1,0
34.73,11,0,1,0
83.8,17,0,2,0
209.81,20,0,2,0
56.82,19,0,2,0
17.82,16,0,1,0
39.56,17,0,1,0
292.96,9,0,1,0
63.95,18,0,2,0
133.22,16,1,1,0
158.35,9,0,0,0
217.73,8,0,2,0
106.54,16,0,1,0
83.81,10,0,0,0
56.79,17,0,0,0
48.05,15,0,0,0
43.11,8,0,2,0
131.95,18,0,1,0
63.81,11,0,4,0
222.76,8,0,1,0
88.76,9,0,2,0
23.72,18,0,0,0
107.91,14,1,1,0
161.16,8,0,0,0
139.83,15,0,0,0
121.27,11,0,1,0
84.81,19,0,0,0
19.08,13,1,2,0
177.7,16,0,1,0
178.53,14,0,4,0
442.05,14,0,2,0
39.11,16,0,0,0
151.34,17,0,1,0
72.12,19,0,1,0
47.37,12,0,3,0
104.71,14,0,1,0
24.34,13,0,0,0
444.72,20,0,0,0
32.29,12,0,2,0
4.32,10,0,1,0
24.95,14,1,1,0
85.58,13,0,1,0
21.42,20,0,1,0
306.84,20,1,1,0
224.5,20,0,1,0
289.88,17,1,2,0
256.7,19,0,1,0
158.09,19,0,1,0
355.45,11,0,1,0
79.7,8,0,1,0
55.35,10,0,0,0
151.24,21,0,0,0
225.76,18,0,0,0
11.95,15,0,3,0
251.14,8,1,0,0
34.4,16,0,1,0
210.17,10,0,0,0
5.08,17,0,2,0
272.08,9,0,1,0
52.48,14,0,1,0
28.88,9,0,1,0
823.32,11,1,0,0
112.56,20,0,5,0
49.55,14,0,1,0
77.53,19,0,1,0
275.91,11,0,0,0
37.17,17,0,1,0
126.21,15,0,1,0
85.09,17,0,0,0
36.05,11,0,0,0
140.7,14,0,1,0
169.98,19,0,1,0
68.63,21,0,1,0
147.08,15,1,1,0
221.73,15,0,1,0
1.26,10,0,0,0
118.61,18,0,0,0
78.12,19,0,1,0
121.55,9,0,1,0
13.29,8,0,2,0
119.1,15,0,1,0
39.57,10,0,0,0
97.74,13,0,0,0
115.58,8,0,2,0
18.0,10,0,0,0
224.33,11,1,1,0
8.82,19,0,0,0
177.35,9,0,0,0
9.69,13,0,1,0
53.93,9,0,0,0
41.2,21,0,3,0
180.71,15,1,0,0
16.07,16,0,0,0
138.08,11,1,2,0
29.17,10,1,1,0
72.55,19,0,3,0
26.23,20,0,0,0
29.61,15,0,0,0
87.8,18,1,1,0
19.94,10,0,2,0
161.56,21,0,1,0
222.76,11,0,2,0
160.55,18,0,1,0
209.6,8,0,2,0
125.6,19,0,2,0
97.55,14,0,0,0
620.68,10,0,0,0
73.22,9,0,2,0
1.93,12,0,4,0
142.95,9,0,1,0
5.19,13,0,1,0
37.63,8,0,1,0
42.97,12,0,0,0
58.74,21,0,3,0
351.65,20,0,0,0
243.89,9,1,0,0
4.16,16,0,1,0
263.4,18,0,1,0
61.21,13,0,2,0
39.87,20,1,1,0
16.22,8,0,0,0
22.49,17,0,1,0
36.44,16,0,0,0
134.35,12,0,0,0
515.41,10,0,1,0
210.21,14,0,1,0
134.65,11,1,3,0
149.55,20,0,0,0
118.87,20,0,4,0
16.6,21,0,2,0
58.9,19,0,3,0
204.58,9,0,0,0
23.25,13,0,2,0
174.11,9,0,0,0
23.41,12,0,0,0
63.78,8,0,1,0
187.62,15,0,0,0
48.0,8,0,0,0
60.78,21,0,2,0
6.3,17,0,1,0
11.92,9,0,0,0
223.61,18,0,0,0
120.52,19,0,0,0
9.24,19,0,4,0
86.93,9,0,4,0
141.09,18,0,2,0
17.98,20,0,1,0
157.38,20,0,0,0
104.85,11,0,2,0
129.23,12,0,1,0
127.07,17,0,0,0
24.48,10,0,2,0
65.87,9,0,0,0
31.94,17,1,1,0
47.12,18,0,0,0
54.2,17,0,0,0
201.53,17,0,1,0
111.83,14,0,3,0
24.27,15,0,1,0
9.89,21,0,0,0
18.38,21,0,0,0
310.64,8,0,0,0
29.3,10,0,1,0
31.45,10,1,1,0
57.91,12,0,0,0
34.85,17,0,0,0
111.09,9,1,2,0
422.07,14,0,0,0
69.86,19,0,2,0
85.77,13,0,0,0
15.13,15,0,1,0
305.39,8,0,1,0
134.65,18,0,0,0
2.2,9,1,1,0
12.22,16,0,0,0
114.36,16,0,0,0
63.24,9,0,3,0
12.2,8,0,1,0
78.38,13,0,4,0
10.81,15,0,0,0
93.39,20,1,1,0
74.53,14,1,2,0
328.55,14,0,0,0
52.81,15,0,2,0
154.62,18,0,1,0
229.24,19,1,1,0
38.69,11,0,0,0
24.21,12,0,1,0
1.69,20,0,0,0
12.47,9,0,0,0
160.19,17,1,3,0
41.49,9,0,1,0
33.69,18,0,0,0
23.72,10,0,0,0
115.1,16,0,1,0
171.99,12,0,0,0
19.39,15,0,2,0
118.61,13,0,0,0
104.13,8,0,0,0
14.81,15,0,2,0
22.12,10,0,0,0
153.29,18,0,0,0
10.27,16,0,1,0
36.13,17,0,0,0
115.57,17,0,0,0
99.34,21,0,1,0
32.16,9,0,3,0
78.14,14,0,0,0
699.4,18,0,1,0
198.51,16,0,2,0
22.55,20,0,1,0
100.05,11,0,1,0
258.57,13,0,0,0
24.48,8,0,0,0
12.84,9,0,3,0
166.15,11,1,1,0
6.0,14,1,2,0
145.37,9,0,0,0
96.41,14,0,3,0
37.05,19,0,0,0
4.06,12,0,3,0
24.3,14,0,0,0
12.66,16,0,0,0
100.57,9,1,0,0
137.6,16,1,0,0
0.03,12,1,0,0
20.93,13,0,1,0
28.45,19,0,1,0
41.23,20,0,0,0
44.77,16,0,0,0
338.29,15,0,0,0
22.49,21,0,2,0
1.3,10,0,0,0
62.08,16,0,3,0
1.39,13,0,0,0
294.45,16,0,1,0
66.97,8,1,3,0
68.86,20,0,1,0
71.09,10,0,0,0
208.0,12,1,0,0
114.29,8,0,1,0
38.26,13,0,1,0
27.39,17,1,3,0
90.47,13,0,2,0
121.03,14,0,2,0
91.91,11,0,0,0
71.93,11,0,1,0
162.85,10,1,0,0
96.92,11,0,0,0
180.82,19,1,1,0
90.37,17,0,0,0
357.06,12,0,0,0
47.51,12,0,0,0
115.5,20,1,0,0
30.49,17,0,1,0
129.4,11,0,1,0
152.42,10,0,1,0
102.43,17,0,0,0
46.61,10,0,0,0
124.4,16,0,1,0
27.37,16,0,1,0
5.93,21,1,1,0
1.56,14,0,2,0
88.64,12,0,1,0
60.18,8,0,0,0
24.3,9,1,4,0
15.34,15,0,1,0
209.38,20,0,4,0
90.32,11,0,4,0
154.79,13,0,0,0
24.43,18,0,1,0
19.02,18,0,0,0
17.05,18,0,0,0
65.06,12,0,0,0
18.86,16,0,0,0
171.3,12,0,0,0
67.74,13,0,1,0
81.08,16,0,1,0
273.78,15,1,0,0
16.66,11,1,1,0
33.63,15,0,0,0
22.5,8,0,0,0
14.98,9,0,0,0
5.51,14,0,2,0
77.97,11,0,1,0
56.75,17,0,0,0
13.2,9,1,0,0
44.03,15,0,0,0
224.03,21,0,0,0
86.73,15,0,0,0
51.23,17,0,0,0
352.6,21,0,0,0
115.42,20,0,1,0
47.24,16,0,0,0
1.0,14,0,0,0
104.13,11,0,1,0
117.99,16,0,2,0
117.2,12,0,2,0
94.85,17,0,0,0
18.7,19,0,0,0
92.9,20,0,0,0
177.05,12,0,0,0
553.83,9,0,1,0
31.01,9,0,1,0
125.56,17,0,3,0
27.2,15,0,1,0
132.42,12,0,1,0
396.86,15,0,1,0
94.87,19,0,0,0
198.06,10,0,2,0
29.27,21,0,2,0
12.39,20,1,0,0
56.97,21,0,1,0
9.74,14,0,0,0
90.12,12,1,0,0
16.65,17,0,1,0
155.46,13,0,1,0
64.82,14,0,0,0
191.26,10,1,1,0
151.37,19,0,3,0
46.15,12,0,2,0
27.85,11,0,0,0
82.77,13,0,0,0
33.2,8,0,0,0
335.8,12,0,0,0
323.77,17,0,0,0
225.99,14,0,0,0
31.14,15,0,2,0
30.6,12,0,1,0
62.72,11,0,1,0
27.94,19,0,3,0
151.62,18,0,0,0
91.66,20,0,1,0
18.73,20,0,2,0
27.5,17,1,1,0
154.24,8,0,2,0
44.2,16,0,3,0
42.09,16,0,1,0
449.98,8,0,2,0
24.4,11,0,3,0
278.53,19,0,0,0
42.72,13,1,1,0
98.94,12,0,1,0
38.86,8,0,3,0
19.58,17,1,5,0
43.29,18,0,0,0
107.01,15,0,0,0
12.5,9,0,0,0
60.04,21,0,1,0
103.58,14,0,0,0
7.91,8,0,0,0
85.4,20,1,2,0
4.51,9,0,0,0
9.85,14,0,3,0
437.26,13,0,1,0
126.25,10,0,1,0
124.24,9,1,2,0
31.18,9,0,1,0
17.72,12,0,0,0
10.12,16,0,1,0
3.04,17,0,3,0
175.45,14,1,2,0
8.22,13,0,2,0
27.43,21,0,0,0
177.52,8,0,1,0
4.5,19,0,0,0
52.73,9,0,1,0
27.4,14,0,2,0
83.76,14,0,0,0
32.31,16,0,3,0
80.93,15,0,1,0
104.31,16,0,0,0
3.63,20,0,1,0
43.59,14,0,1,0
17.36,12,0,0,0
3.72,16,0,1,0
74.5,17,0,0,0
84.09,9,0,1,0
148.37,10,0,2,0
7.3,9,0,1,0
27.92,14,0,2,0
133.0,11,0,2,0
105.81,18,0,5,0
59.87,11,0,1,0
54.86,16,0,1,0
16.21,9,0,1,0
34.61,12,0,0,0
156.05,10,0,1,0
35.21,20,0,0,0
191.29,17,0,0,0
50.36,13,1,1,0
63.74,10,0,1,0
43.7,20,0,1,0
5.09,12,0,1,0
120.44,20,0,0,0
143.31,11,0,1,0
13.11,14,0,1,0
101.72,16,0,0,0
64.14,8,0,0,0
26.19,16,0,0,0
27.58,17,0,1,0
256.65,11,0,2,0
88.03,9,1,0,0
216.02,9,0,1,0
61.22,12,1,4,0
122.67,11,0,0,0
19.78,13,0,1,0
38.47,13,1,2,0
11.25,11,0,0,0
128.51,20,0,0,0
260.76,16,0,0,0
59.06,9,0,1,0
319.42,20,0,1,0
23.96,13,0,0,0
19.14,16,0,3,0
75.48,13,0,1,0
193.26,21,0,0,0
92.79,20,0,1,0
46.94,11,0,0,0
89.59,14,0,0,0
134.81,19,1,2,0
32.73,16,0,1,0
26.01,10,0,1,0
139.98,21,0,3,0
7.98,15,1,2,0
14.56,20,0,1,0
2.75,12,0,3,0
114.5,10,0,0,0
187.27,18,0,1,0
91.37,19,0,0,0
47.87,17,0,2,0
98.12,13,1,0,0
147.11,11,0,0,0
30.22,20,0,0,0
115.71,8,0,0,0
1.98,14,1,2,0
113.14,16,0,2,0
60.28,14,0,2,0
320.0,17,0,1,0
25.24,15,0,1,0
97.57,12,0,0,0
46.59,12,0,3,0
122.31,14,0,0,0
127.68,20,0,2,0
2.98,16,0,0,0
17.54,12,0,1,0
55.49,19,0,1,0
189.46,12,1,0,0
128.45,15,0,4,0
627.86,10,0,1,0
5.12,21,0,2,0
0.86,20,0,0,0
48.12,16,0,1,0
22.92,11,0,0,0
60.49,8,0,2,0
12.94,13,0,1,0
0.16,19,0,1,0
146.43,9,0,3,0
220.67,18,0,1,0
61.21,14,0,0,0
292.1,8,0,1,0
28.91,8,0,2,0
3.01,10,0,1,0
263.79,9,0,0,0
55.63,20,0,1,0
165.63,15,0,1,0
187.98,20,0,0,0
17.95,12,0,1,0
15.74,18,0,1,0
210.05,21,1,2,0
428.05,19,1,0,0
1.41,13,0,0,0
6.7,16,0,1,0
31.93,12,1,1,0
166.53,9,0,2,0
180.0,17,0,2,0
174.28,21,1,0,0
22.69,15,0,3,0
68.99,19,0,5,0
156.84,12,0,1,0
160.94,8,0,1,0
344.68,13,0,1,0
172.0,15,0,0,0
81.43,20,0,0,0
278.83,8,0,1,0
80.47,8,0,2,0
38.75,16,0,3,0
16.05,17,0,0,0
8.31,13,0,0,0
456.13,19,1,1,0
34.03,19,0,1,0
42.03,17,0,1,0
0.18,21,0,2,0
52.33,8,0,1,0
109.68,21,0,0,0
210.55,9,0,0,0
60.53,17,0,0,0
151.97,13,0,1,0
10.96,13,0,2,0
220.1,10,0,0,0
21.21,20,0,1,0
43.95,8,0,1,0
28.85,15,0,1,0
0.11,21,0,0,0
83.02,14,0,2,0
45.16,15,0,0,0
86.99,13,0,1,0
141.94,13,0,1,0
63.56,20,0,2,0
14.03,10,0,1,0
40.45,21,0,1,0
27.64,11,0,2,0
52.67,21,1,0,0
240.13,14,0,1,0
44.33,9,0,2,0
9.8,20,0,0,0
33.32,10,1,1,0
10.36,9,0,2,0
157.18,17,0,0,0
68.65,8,1,3,0
347.11,16,0,3,0
225.62,17,0,0,0
26.29,10,0,0,0
64.12,12,0,2,0
298.87,8,0,0,0
81.58,14,0,2,0
90.82,14,0,2,0
107.22,21,0,0,0
37.31,18,0,1,0
90.29,17,0,0,0
116.37,9,1,2,0
14.18,16,0,0,0
31.95,8,0,2,0
51.95,8,0,2,0
147.05,15,1,0,0
19.27,18,0,2,0
114.25,9,0,0,0
80.86,9,0,0,0
122.61,10,0,0,0
45.89,20,0,0,0
9.98,8,0,0,0
36.97,8,0,0,0
12.88,20,0,1,0
212.22,10,1,0,0
144.4,13,0,0,0
202.85,19,0,0,0
74.35,11,0,2,0
50.7,18,1,1,0
2.1,10,0,0,0
2.48,17,0,0,0
3.73,11,0,2,0
114.31,11,0,1,0
51.49,9,1,2,0
6.83,17,0,1,0
46.12,16,0,0,0
41.34,11,0,0,0
27.43,9,0,1,0
138.3,17,0,1,0
3.6,21,0,4,0
188.42,15,0,0,0
23.88,19,0,1,0
348.65,18,0,0,0
117.63,8,0,0,0
20.45,8,0,0,0
50.38,14,0,0,0
41.61,11,0,1,0
302.72,8,0,2,0
28.38,8,0,2,0
12.52,16,0,1,0
232.99,18,0,0,0
194.51,9,1,0,0
77.09,21,0,0,0
45.64,18,0,3,0
160.45,9,0,1,0
96.82,11,0,2,0
192.67,16,0,0,0
52.76,10,0,0,0
120.96,20,0,0,0
97.04,15,0,0,0
56.67,17,0,1,0
221.8,18,0,2,0
147.91,12,0,1,0
457.65,18,0,1,0
47.7,14,0,1,0
19.08,19,0,0,0
16.57,10,0,1,0
229.23,20,0,1,0
81.89,13,0,1,0
363.91,14,0,0,0
58.63,19,0,0,0
72.12,11,0,3,0
30.24,11,0,2,0
10.36,20,0,0,0
24.31,16,0,0,0
282.04,10,0,4,0
307.31,9,0,1,0
363.47,20,0,1,0
112.7,18,0,0,0
207.42,9,0,3,0
138.65,13,0,0,0
11.98,13,0,1,0
23.46,11,0,1,0
65.75,14,0,0,0
28.2,15,0,0,0
81.46,8,0,0,0
239.89,13,0,2,0
79.49,19,0,1,0
55.12,12,0,2,0
219.67,15,0,1,0
18.21,8,0,1,0
52.03,17,0,3,0
103.22,13,0,0,0
264.07,11,0,1,0
37.9,16,0,1,0
106.19,16,0,0,0
166.26,13,0,0,0
25.42,18,0,1,0
589.07,12,0,0,0
11.81,14,0,1,0
50.13,10,0,1,0
171.42,11,0,1,0
0.61,12,1,1,0
176.16,19,0,0,0
95.49,18,0,1,0
181.43,19,0,3,0
83.48,13,0,2,0
70.87,21,1,1,0
159.66,18,0,2,0
75.3,14,0,1,0
23.74,10,0,0,0
53.67,11,0,5,0
89.29,9,0,1,0
51.62,13,0,1,0
48.2,10,0,0,0
14.33,18,1,2,0
23.18,13,0,3,0
12.93,21,0,2,0
171.77,13,0,1,0
199.85,20,0,1,0
24.93,10,0,1,0
158.2,8,0,1,0
76.19,17,0,0,0
153.89,20,0,1,0
1.63,20,0,1,0
51.48,9,0,0,0
22.98,16,1,2,0
18.53,19,0,1,0
213.11,14,0,0,0
131.94,21,0,2,0
32.08,8,1,1,0
118.37,17,0,1,0
21.32,20,0,0,0
1.64,12,0,0,0
30.77,12,0,1,0
94.41,20,0,0,0
2.92,14,0,1,0
47.8,13,0,0,0
53.12,20,0,2,0
121.09,15,0,0,0
370.96,11,0,1,0
0.28,13,0,0,0
173.22,9,0,0,0
26.96,13,0,5,0
41.85,13,0,0,0
10.49,21,0,0,0
54.19,16,0,2,0
254.58,18,0,4,0
44.28,14,0,1,0
98.69,15,0,1,0
97.23,16,0,0,0
9.27,12,0,3,0
12.59,19,0,0,0
54.31,9,0,3,0
386.33,19,0,2,0
57.38,13,0,0,0
39.64,17,0,0,0
21.35,16,0,0,0
6.24,16,0,0,0
11.85,12,0,3,0
45.32,8,0,5,0
388.48,19,0,3,0
264.59,18,0,1,0
40.41,9,0,1,0
352.39,16,0,0,0
67.52,18,0,1,0
96.25,9,0,0,0
191.97,16,0,3,0
189.2,9,0,0,0
99.86,15,0,1,0
51.87,12,0,3,0
69.26,16,0,2,0
1.43,19,0,2,0
492.01,13,0,2,0
71.76,8,0,2,0
22.78,16,0,2,0
116.05,11,0,2,0
50.61,16,0,0,0
55.77,19,0,1,0
193.22,13,0,1,0
17.04,15,0,2,0
13.97,9,1,2,0
218.65,21,0,0,0
82.66,15,1,2,0
290.83,16,0,2,0
85.38,10,0,2,0
439.91,13,0,1,0
156.23,20,0,1,0
33.89,16,0,1,0
23.15,11,0,2,0
13.07,12,0,0,0
31.35,21,0,1,0
51.45,14,0,2,0
126.73,20,1,2,0
61.32,11,0,0,0
276.77,8,1,4,0
217.25,9,0,1,0
70.76,18,0,2,0
299.17,12,1,2,0
306.78,17,0,0,0
256.12,14,0,0,0
23.72,21,0,2,0
18.39,16,0,1,0
100.33,10,0,1,0
366.24,14,1,1,0
51.08,10,0,1,0
28.02,18,0,1,0
16.16,9,0,2,0
38.59,19,0,3,0
92.8,21,0,2,0
35.44,14,0,0,0
174.22,21,0,1,0
10.0,19,0,3,0
153.17,20,0,4,0
320.33,19,0,0,0
80.15,20,0,3,0
103.43,13,0,1,0
79.31,18,0,0,0
79.28,17,0,0,0
5.79,19,0,1,0
168.0,14,0,0,0
304.37,12,0,0,0
78.4,20,1,2,0
124.29,9,1,2,0
114.44,16,0,1,0
157.59,17,0,0,0
152.34,19,0,2,0
79.78,16,0,0,0
31.76,20,0,1,0
8.11,21,0,2,0
96.8,14,0,0,0
41.3,11,0,1,0
148.79,20,0,1,0
81.63,9,0,2,0
211.93,12,0,4,0
130.57,13,0,1,0
54.9,14,0,1,0
115.49,14,1,0,0
20.82,17,0,1,0
224.14,15,0,0,0
0.41,21,0,2,0
75.48,11,0,0,0
9.72,15,0,0,0
141.0,16,1,0,0
11.09,20,0,0,0
108.51,8,0,0,0
39.91,14,1,1,0
22.17,17,0,0,0
61.46,8,0,0,0
63.86,12,0,0,0
22.97,13,0,3,0
218.16,13,0,0,0
134.91,10,0,0,0
68.57,11,1,1,0
77.25,13,0,0,0
1.94,11,0,1,0
13.23,11,0,1,0
129.4,12,0,0,0
70.79,14,0,3,0
191.34,20,0,0,0
17.79,14,1,1,0
103.51,10,0,1,0
98.83,11,0,1,0
186.63,8,0,1,0
94.35,10,0,0,0
115.15,9,0,1,0
1.11,18,1,0,0
75.95,9,0,0,0
44.69,16,0,0,0
279.43,17,0,0,0
346.64,12,0,3,0
93.31,16,0,0,0
7.23,19,0,1,0
126.68,11,0,0,0
41.48,17,0,2,0
53.02,10,1,0,0
40.18,11,1,1,0
60.87,20,0,2,0
113.56,13,0,0,0
152.29,10,0,1,0
132.01,12,0,1,0
82.23,19,1,1,0
164.4,21,0,1,0
280.68,15,0,2,0
26.05,20,0,0,0
37.65,11,0,1,0
143.75,10,0,1,0
168.61,15,1,1,0
3.3,14,0,2,0
20.36,11,0,3,0
65.91,8,0,0,0
50.7,21,0,3,0
53.35,17,0,2,0
353.78,18,0,0,0
119.85,14,0,1,0
5.86,11,1,1,0
68.48,10,0,0,0
0.65,8,0,1,0
392.29,17,0,1,0
124.99,17,1,1,0
66.15,10,0,0,0
71.6,18,0,0,0
89.15,12,0,0,0
174.91,20,0,2,0
189.59,15,0,0,0
17.06,10,0,1,0
14.65,10,1,2,0
17.61,17,0,1,0
125.02,9,0,2,0
201.18,8,0,1,0
1.93,11,0,2,0
58.73,21,0,3,0
152.36,20,0,1,0
103.43,14,0,1,0
9.1,21,0,0,0
74.83,14,0,0,0
66.26,20,0,0,0
135.43,13,0,1,0
89.36,18,0,3,0
144.67,19,0,0,0
110.51,16,0,0,0
10.33,8,0,0,0
177.23,18,0,0,0
102.38,11,1,2,0
131.96,21,0,0,0
2.0,19,0,0,0
382.03,15,0,2,0
74.8,13,0,2,0
24.53,14,0,1,0
52.65,12,0,0,0
3.43,14,0,2,0
71.74,13,1,1,0
112.13,21,0,1,0
79.02,16,0,2,0
143.5,15,0,0,0
193.03,8,0,1,0
54.47,17,0,3,0
3.1,15,0,2,0
28.05,16,0,1,0
77.37,15,0,2,0
120.65,8,1,1,0
47.92,12,1,2,0
108.74,14,1,0,0
27.84,13,1,1,0
118.38,16,0,1,0
108.45,20,0,1,0
49.88,12,0,0,0
22.34,14,0,1,0
190.35,12,0,0,0
17.77,11,0,0,0
53.57,8,0,2,0
26.57,12,0,0,0
48.58,11,0,0,0
336.76,10,0,1,0
60.79,12,0,1,0
60.82,12,0,0,0
24.9,21,1,0,0
62.5,17,1,0,0
40.97,14,0,1,0
136.59,14,0,3,0
35.4,8,0,3,0
56.02,12,0,0,0
213.43,11,0,0,0
111.98,15,0,4,0
8.06,13,0,0,0
166.37,21,0,2,0
179.25,18,0,2,0
38.91,14,0,0,0
294.32,20,0,2,0
80.0,20,0,1,0
201.63,19,0,0,0
162.16,15,0,1,0
25.5,10,0,1,0
2.08,14,0,1,0
798.98,2,1,5,0
23.28,2,0,14,1
1678.99,2,0,8,1
76.16,3,1,12,1
2029.46,3,1,4,1
1265.48,0,1,8,1
450.72,1,1,8,1
3786.94,0,1,7,1
2012.04,3,1,9,1
197.13,1,1,8,1
3789.95,2,1,14,1
573.17,1,0,7,1
134.21,5,1,10,1
1199.17,4,1,6,1
3665.72,3,1,6,1
1597.0,2,1,6,1
2016.24,5,1,7,1
4382.46,3,1,7,1
201.87,2,1,8,1
10276.49,0,1,11,1
4640.45,5,1,6,1
4167.6,1,1,6,1
624.78,2,1,10,1
7860.4,2,1,8,1
7788.43,5,1,5,1
88.93,1,1,9,1
123.5,1,0,4,0
5641.68,2,1,6,1
1396.21,2,1,7,1
1158.46,5,1,11,1
401.92,4,0,4,0
215.75,2,1,11,1
1065.05,0,1,5,1
876.48,0,1,7,1
563.26,3,1,8,1
1595.21,5,0,13,1
1522.16,5,1,9,1
653.12,2,0,16,1
163.75,0,1,9,1
861.24,3,1,14,1
2306.54,5,1,8,1
658.3,2,1,4,0
3454.8,1,1,11,1
368.73,2,1,3,0
3971.91,1,1,10,1
378.1,4,1,4,0
4315.94,4,1,5,1
217.28,0,1,4,0
1031.1,3,1,4,1
3538.13,1,0,4,1
346.11,3,1,9,1
2136.81,4,1,7,1
2057.58,3,0,16,1
616.58,0,1,8,1
1560.92,5,0,12,1
592.9,4,1,6,0
776.3,3,1,13,1
265.24,1,0,12,1
672.43,0,0,7,1
368.27,5,1,9,1
406.4,5,1,7,1
1092.57,0,1,11,1
1636.46,1,1,6,1
716.67,3,1,8,1
6549.43,5,0,14,1
846.36,2,1,4,0
2187.57,3,1,6,1
3414.36,5,1,9,1
499.86,0,1,8,1
525.03,1,0,9,1
2591.68,4,1,15,1
4749.27,1,1,9,1
2036.43,4,1,7,1
694.38,0,1,10,1
5824.01,4,1,7,1
5961.6,3,1,6,1
4619.63,3,0,6,1
3181.85,0,1,6,1
270.6,0,1,6,0
216.72,3,1,8,1
4463.16,0,0,12,1
2907.47,5,1,6,1
1821.47,1,1,8,1
625.06,0,1,4,0
65.15,5,0,5,0
2018.87,2,1,10,1
2973.45,3,1,7,1
1587.29,0,1,9,1
313.49,4,1,4,0
83.82,1,1,9,1
3196.46,3,1,11,1
1508.71,5,1,7,1
518.76,0,1,5,0
2239.07,0,1,13,1
921.16,2,1,7,1
744.28,1,1,10,1
641.31,3,1,10,1
706.41,4,1,8,1
2480.67,2,1,6,1
358.55,4,0,14,1
