amount,hour_of_day,is_foreign,num_transactions_last_hour,is_fraud
68.24,20,0,1,0
25.89,20,0,1,0
29.5,14,0,1,0
50.47,17,0,0,0
47.37,8,0,0,0
567.64,19,0,0,0
52.46,11,0,3,0
147.79,11,0,0,0
142.94,11,0,1,0
37.11,12,0,2,0
42.55,20,0,0,0
43.35,19,0,1,0
15.72,17,0,1,0
359.96,19,0,1,0
239.89,21,0,1,0
82.09,19,0,1,0
37.63,15,0,1,0
219.1,17,0,3,0
112.26,16,0,2,0
49.61,17,0,1,0
70.76,13,0,0,0
74.26,9,0,3,0
263.11,10,0,1,0
84.72,11,0,1,0
110.36,13,1,2,0
5.37,9,0,1,0
39.61,14,0,1,0
5.81,8,0,1,0
19.82,14,0,2,0
260.28,17,0,1,0
278.09,10,0,1,0
125.21,18,0,2,0
131.93,20,0,2,0
61.94,9,0,1,0
267.84,17,0,1,0
52.16,17,1,0,0
114.95,19,0,1,0
104.96,11,0,1,0
91.32,21,0,0,0
25.11,20,0,1,0
114.68,13,1,0,0
210.42,21,0,0,0
159.32,14,1,1,0
56.56,21,0,0,0
249.96,15,0,2,0
152.25,13,0,1,0
129.37,11,0,3,0
13.34,17,0,1,0
248.06,11,0,1,0
49.06,18,0,1,0
34.95,16,0,2,0
95.9,10,0,1,0
63.08,10,0,1,0
29.48,13,0,1,0
182.63,14,0,2,0
19.68,15,0,1,0
25.76,15,0,2,0
107.84,20,0,2,0
65.22,18,0,1,0
7.63,17,0,0,0
14.96,16,1,1,0
11.91,9,0,1,0
64.97,18,0,1,0
77.72,14,0,1,0
317.18,16,0,1,0
87.66,10,0,0,0
74.79,14,0,0,0
255.44,19,0,0,0
251.65,19,0,0,0
29.04,11,0,2,0
114.77,12,0,1,0
333.19,14,1,0,0
25.74,10,0,1,0
125.88,8,0,0,0
159.83,20,1,0,0
276.07,21,0,2,0
192.22,14,0,0,0
54.74,20,0,2,0
0.55,15,0,2,0
3.55,13,0,1,0
1.4,16,0,3,0
88.89,20,0,1,0
48.29,13,0,2,0
12.2,17,0,3,0
199.84,15,0,1,0
172.4,19,0,2,0
133.75,8,0,1,0
183.47,16,0,1,0
51.34,12,0,2,0
138.08,15,1,2,0
82.01,8,0,1,0
94.99,11,0,0,0
35.4,8,0,0,0
92.23,20,0,1,0
55.46,19,0,0,0
77.34,9,0,2,0
66.7,14,0,0,0
69.29,12,0,1,0
249.45,13,0,1,0
30.5,19,0,2,0
5.1,14,0,2,0
62.12,21,0,2,0
52.46,19,0,0,0
66.76,18,0,0,0
7.31,8,0,4,0
87.25,19,0,1,0
434.45,17,0,0,0
23.46,19,0,1,0
23.87,8,0,0,0
324.77,12,0,1,0
122.74,16,0,4,0
89.89,16,0,3,0
47.94,20,0,2,0
101.82,16,0,0,0
69.8,19,1,1,0
9.41,12,0,0,0
35.26,14,1,0,0
176.11,21,0,4,0
19.29,15,0,2,0
234.85,9,0,0,0
88.75,16,0,3,0
1.67,19,0,0,0
46.21,16,0,0,0
4.3,17,0,1,0
13.61,16,0,3,0
19.76,15,1,0,0
18.21,16,0,1,0
215.15,11,0,0,0
236.4,14,0,3,0
26.84,20,0,0,0
52.3,9,0,0,0
63.71,15,0,1,0
177.33,8,0,0,0
34.53,12,0,2,0
19.1,8,0,1,0
61.28,16,0,1,0
232.72,17,0,1,0
90.37,20,0,0,0
53.21,20,0,1,0
52.03,21,0,0,0
36.89,12,1,1,0
38.25,8,0,2,0
53.63,11,0,0,0
101.66,19,0,3,0
158.61,8,0,0,0
3.77,9,0,1,0
132.63,17,0,1,0
148.09,18,0,3,0
28.03,10,1,1,0
420.48,11,0,1,0
112.39,14,0,3,0
223.27,18,0,1,0
27.85,8,0,0,0
5.31,17,1,2,0
123.7,17,0,1,0
315.27,13,0,1,0
2.31,16,1,0,0
244.35,13,0,2,0
130.3,9,0,2,0
311.01,19,0,0,0
31.9,11,0,0,0
18.7,11,0,1,0
38.95,21,0,0,0
32.47,14,0,1,0
67.45,20,0,3,0
14.01,20,0,2,0
134.01,21,0,0,0
15.12,10,0,0,0
84.55,10,0,2,0
76.21,19,0,4,0
26.6,11,0,1,0
64.8,18,0,1,0
62.5,17,1,1,0
164.01,17,0,0,0
1.88,20,0,0,0
124.76,14,0,1,0
28.9,19,0,1,0
108.04,18,0,2,0
101.18,15,0,2,0
5.87,16,0,1,0
126.91,14,0,0,0
41.54,14,0,0,0
79.77,19,1,2,0
136.38,17,0,1,0
19.66,21,0,0,0
28.86,13,0,0,0
14.37,21,0,0,0
16.34,15,0,1,0
279.74,16,0,0,0
355.62,8,1,5,0
15.38,9,0,0,0
21.8,10,0,2,0
10.58,16,0,2,0
8.54,21,0,0,0
146.26,8,0,2,0
23.62,20,0,1,0
62.02,8,0,1,0
8.77,13,1,0,0
40.27,21,0,1,0
445.04,16,0,1,0
230.53,10,1,1,0
200.49,11,0,2,0
48.49,11,1,2,0
120.59,20,0,1,0
3.78,16,0,1,0
69.58,16,1,0,0
12.09,16,0,1,0
132.31,11,1,0,0
57.42,15,0,0,0
39.6,15,1,0,0
139.23,17,0,1,0
30.53,9,0,1,0
66.38,9,0,0,0
0.66,13,0,2,0
0.53,13,0,0,0
83.85,9,0,2,0
43.54,8,0,0,0
47.01,20,0,2,0
45.43,21,0,0,0
36.97,8,0,1,0
18.74,18,0,0,0
386.92,10,0,0,0
149.2,12,0,2,0
358.11,18,0,0,0
74.54,14,0,0,0
27.24,20,0,1,0
66.39,13,0,0,0
88.98,18,0,3,0
69.41,17,0,1,0
56.15,14,0,0,0
28.88,11,0,0,0
5.91,9,1,0,0
103.11,14,0,1,0
28.97,13,0,1,0
21.26,11,1,0,0
71.48,8,0,1,0
47.92,9,0,0,0
248.79,10,0,0,0
5.36,12,0,3,0
47.41,8,1,2,0
68.86,10,0,2,0
86.59,18,0,3,0
164.79,21,0,2,0
223.03,14,0,2,0
63.89,15,0,0,0
10.39,9,0,1,0
129.99,19,0,0,0
67.15,17,0,1,0
121.22,13,0,2,0
44.22,18,0,2,0
21.54,15,0,1,0
41.18,21,0,1,0
79.08,12,0,0,0
319.21,8,0,1,0
247.65,13,0,1,0
122.65,20,0,1,0
200.8,15,0,0,0
25.9,9,0,2,0
161.79,19,0,0,0
134.37,16,0,0,0
21.65,14,0,0,0
15.94,20,0,1,0
45.77,13,0,1,0
43.14,8,0,1,0
11.75,21,0,1,0
18.64,17,0,2,0
107.27,9,0,1,0
292.85,17,0,1,0
29.5,8,0,0,0
11.59,15,0,1,0
153.75,14,0,4,0
67.1,13,0,1,0
94.68,12,0,3,0
228.52,14,0,2,0
49.62,17,0,1,0
11.45,10,1,1,0
38.08,16,0,0,0
2.05,14,0,0,0
89.95,9,0,0,0
87.83,16,0,2,0
117.43,14,0,0,0
110.93,13,0,0,0
26.82,9,0,1,0
88.11,14,0,0,0
21.95,10,0,0,0
106.27,8,0,0,0
104.55,13,0,1,0
22.44,14,0,3,0
2.38,18,0,2,0
151.12,11,0,2,0
1.33,16,0,2,0
101.87,15,0,1,0
140.68,16,0,0,0
102.83,17,0,2,0
190.87,14,0,0,0
99.9,9,0,5,0
36.15,18,0,4,0
53.38,10,0,0,0
18.39,16,0,0,0
164.91,8,0,2,0
57.26,9,0,3,0
50.36,19,0,1,0
83.65,19,0,1,0
149.91,10,0,3,0
288.85,19,0,0,0
39.72,12,0,1,0
26.32,21,0,0,0
123.07,8,0,0,0
191.76,12,0,1,0
2.43,13,0,1,0
28.56,8,1,1,0
49.93,15,0,0,0
25.53,13,1,0,0
60.67,13,0,2,0
178.68,9,0,1,0
95.06,15,0,0,0
10.74,21,0,2,0
52.93,15,0,4,0
237.29,18,0,3,0
30.0,21,1,0,0
15.02,15,1,0,0
27.41,19,0,1,0
235.23,13,0,2,0
40.97,17,0,2,0
17.61,8,0,0,0
35.59,17,0,0,0
83.79,15,0,3,0
56.95,17,0,2,0
94.92,14,0,0,0
78.92,20,0,0,0
121.64,21,1,1,0
169.38,18,1,1,0
200.7,21,0,1,0
30.97,14,0,0,0
192.31,8,0,1,0
31.44,9,0,0,0
31.3,16,1,1,0
245.42,13,0,1,0
62.52,21,0,0,0
93.01,10,0,0,0
39.16,13,0,1,0
192.68,10,0,3,0
403.41,14,0,0,0
157.23,13,0,0,0
42.69,13,0,2,0
21.66,9,0,1,0
163.89,21,0,0,0
24.92,13,0,2,0
131.97,20,0,4,0
156.71,21,0,1,0
5.62,9,0,0,0
27.32,9,0,0,0
34.78,19,0,0,0
17.04,11,1,2,0
83.59,17,0,1,0
44.45,15,0,0,0
38.81,8,0,2,0
202.29,20,0,1,0
36.56,20,0,4,0
70.45,19,0,0,0
6.74,10,0,0,0
5.19,18,0,0,0
90.02,16,0,2,0
24.0,10,0,0,0
40.29,15,0,1,0
23.1,18,0,1,0
37.13,20,0,2,0
297.19,21,0,2,0
184.97,11,0,2,0
118.9,19,0,4,0
88.84,21,0,0,0
183.48,20,0,0,0
72.95,19,0,0,0
203.4,14,0,0,0
127.42,10,0,0,0
19.99,9,0,1,0
133.29,10,0,0,0
105.4,20,0,0,0
58.99,14,0,2,0
42.99,21,0,2,0
111.46,21,0,1,0
29.19,20,0,1,0
42.71,9,0,1,0
49.36,11,0,2,0
121.71,18,0,1,0
72.6,13,0,1,0
259.67,21,0,0,0
255.37,16,0,1,0
43.19,12,0,1,0
88.22,14,1,0,0
296.09,15,0,0,0
88.56,18,0,1,0
169.11,20,0,1,0
14.72,15,0,2,0
75.0,16,0,0,0
124.8,18,0,3,0
121.21,15,1,0,0
20.82,16,0,0,0
6.88,19,0,0,0
221.71,17,0,1,0
30.49,12,0,1,0
262.86,21,0,2,0
41.0,14,1,2,0
29.65,18,0,2,0
53.2,8,1,3,0
146.53,17,0,1,0
14.54,20,1,1,0
87.74,15,0,0,0
202.82,14,0,1,0
29.18,9,0,1,0
6.82,15,0,1,0
58.05,8,0,0,0
37.65,8,0,0,0
55.56,15,0,3,0
28.07,11,0,0,0
10.04,20,0,2,0
27.64,17,0,1,0
41.39,8,0,1,0
82.13,16,0,1,0
136.98,14,0,0,0
307.4,13,0,2,0
140.96,8,0,0,0
56.87,20,0,1,0
6.1,8,0,1,0
258.69,14,0,0,0
52.06,10,0,1,0
11.25,15,0,3,0
91.48,20,0,1,0
34.09,10,0,0,0
8.39,11,0,1,0
176.06,20,0,0,0
81.23,9,0,0,0
14.42,15,0,3,0
25.75,11,0,2,0
113.34,12,0,0,0
153.25,15,0,1,0
24.41,13,0,2,0
49.3,11,0,0,0
100.05,12,0,2,0
6.5,13,0,0,0
57.26,18,0,1,0
112.68,20,0,2,0
125.47,10,0,1,0
17.14,10,0,2,0
10.74,14,0,1,0
115.0,21,0,0,0
86.72,19,0,2,0
4.24,8,1,1,0
48.18,10,0,2,0
93.6,16,0,1,0
104.55,16,0,0,0
3.29,17,0,2,0
31.55,14,1,0,0
5.66,13,0,0,0
60.47,19,0,1,0
224.37,19,1,0,0
70.27,11,0,1,0
195.35,15,0,0,0
50.25,12,0,1,0
99.7,10,0,1,0
7.96,11,0,1,0
40.68,13,0,1,0
4.1,15,0,0,0
91.67,19,0,2,0
85.46,10,0,1,0
222.3,12,0,1,0
65.84,14,0,0,0
9.35,8,0,0,0
252.19,11,0,3,0
25.48,13,0,0,0
126.69,19,0,1,0
169.78,20,0,0,0
119.32,18,0,0,0
222.69,10,0,2,0
25.25,19,0,2,0
24.16,11,0,0,0
36.37,9,0,0,0
31.27,20,0,0,0
197.49,20,0,2,0
49.23,10,0,3,0
50.01,13,1,2,0
45.87,14,0,1,0
312.81,20,0,3,0
7.45,8,0,1,0
26.91,10,0,1,0
2.29,12,0,1,0
209.52,12,0,1,0
80.92,18,0,1,0
17.64,13,0,0,0
55.97,18,0,1,0
71.98,14,0,0,0
56.2,10,0,0,0
0.24,10,0,0,0
351.68,14,0,3,0
398.68,21,0,0,0
60.18,21,0,2,0
90.18,15,0,1,0
2.85,10,0,1,0
99.78,14,0,0,0
189.22,14,0,1,0
189.79,20,0,0,0
313.41,8,0,0,0
28.42,18,0,0,0
231.32,16,1,0,0
205.76,17,0,3,0
99.41,16,1,0,0
35.39,8,0,2,0
60.62,21,1,1,0
117.0,13,0,1,0
289.72,8,0,1,0
405.33,15,0,3,0
27.48,14,0,1,0
100.36,21,0,1,0
38.96,8,0,0,0
42.11,12,0,1,0
67.06,12,0,2,0
153.67,15,0,2,0
3.64,20,0,1,0
54.2,11,0,0,0
20.93,17,0,3,0
43.95,16,1,1,0
228.99,8,0,1,0
336.54,10,1,2,0
57.09,21,0,2,0
161.73,11,0,0,0
146.16,12,0,1,0
20.23,18,0,0,0
2.3,11,0,0,0
99.03,15,0,1,0
46.02,9,0,0,0
1.62,9,0,0,0
117.68,18,0,2,0
87.29,19,0,1,0
25.24,18,0,2,0
160.98,9,0,1,0
12.36,19,0,1,0
64.76,19,1,2,0
53.29,18,0,1,0
41.38,8,0,2,0
56.47,19,0,1,0
586.51,14,0,1,0
233.05,19,0,0,0
29.64,13,0,2,0
305.06,21,0,0,0
40.24,14,0,0,0
3.33,8,0,0,0
58.69,11,0,1,0
9.92,21,0,1,0
423.2,14,0,2,0
20.46,10,0,0,0
45.39,17,0,1,0
65.16,15,0,2,0
75.52,20,1,0,0
22.34,14,0,0,0
168.36,16,0,1,0
34.14,9,0,0,0
44.16,18,0,0,0
195.71,9,0,2,0
14.14,11,0,0,0
21.68,18,0,1,0
17.08,16,0,2,0
100.07,17,0,0,0
11.38,17,1,2,0
49.35,10,1,2,0
123.02,20,0,1,0
207.03,15,0,1,0
49.73,10,0,0,0
46.46,15,0,0,0
75.22,8,0,1,0
3.69,16,0,2,0
222.63,18,0,0,0
138.22,12,0,0,0
227.72,16,0,1,0
226.97,8,0,1,0
128.06,20,0,1,0
22.86,8,0,1,0
113.19,8,0,0,0
281.34,20,0,3,0
255.72,12,0,0,0
37.03,12,0,1,0
22.58,15,0,0,0
37.71,10,0,1,0
28.93,10,0,0,0
86.41,14,0,1,0
0.18,19,0,1,0
23.38,16,0,1,0
129.03,12,0,1,0
123.87,10,0,0,0
80.91,14,0,2,0
123.28,16,0,1,0
63.22,17,0,0,0
408.82,10,0,1,0
4.99,18,0,1,0
95.27,18,0,1,0
112.42,16,0,0,0
93.38,19,0,1,0
142.01,18,0,0,0
12.5,21,0,1,0
24.95,18,0,0,0
51.08,15,0,1,0
1.65,8,0,0,0
31.8,13,0,1,0
36.52,11,1,0,0
48.13,8,0,2,0
171.51,11,0,1,0
266.53,13,0,0,0
23.25,18,0,1,0
130.87,18,0,2,0
399.04,19,0,0,0
68.83,19,0,1,0
3.83,15,0,2,0
79.25,14,0,1,0
3.21,9,0,1,0
276.99,20,0,4,0
44.1,11,0,1,0
0.54,16,0,2,0
165.86,12,0,1,0
19.01,9,0,2,0
106.8,18,0,0,0
151.8,16,0,1,0
24.04,17,0,0,0
33.33,17,0,3,0
235.81,16,1,1,0
180.17,9,0,2,0
35.62,9,0,1,0
107.57,8,0,0,0
192.97,10,0,0,0
6.86,20,0,2,0
10.36,20,0,1,0
29.49,18,0,2,0
135.09,21,0,3,0
160.6,15,0,1,0
106.8,12,0,1,0
0.2,13,1,2,0
6.17,16,0,0,0
183.66,21,0,1,0
79.64,15,0,0,0
43.15,13,0,0,0
117.98,17,0,2,0
114.93,8,0,1,0
41.57,10,0,0,0
105.4,18,0,0,0
68.76,11,0,0,0
269.64,14,0,0,0
148.99,11,0,1,0
8.05,14,0,0,0
1.96,14,0,1,0
107.1,19,0,0,0
65.96,18,0,1,0
78.03,21,0,0,0
404.42,12,0,0,0
73.91,8,0,4,0
77.47,16,0,1,0
293.8,15,0,1,0
16.63,11,0,1,0
32.87,9,0,1,0
98.07,15,0,4,0
36.24,11,0,0,0
180.63,18,0,1,0
34.63,10,0,4,0
191.77,9,0,3,0
96.78,20,0,0,0
205.35,20,0,0,0
188.01,16,0,0,0
11.94,16,0,3,0
153.57,9,0,1,0
1.99,17,0,0,0
88.4,13,0,1,0
131.85,12,0,0,0
131.82,17,0,1,0
342.42,20,0,0,0
88.9,10,0,1,0
74.59,11,0,0,0
51.36,14,0,0,0
68.39,9,0,0,0
233.62,16,0,0,0
58.15,10,0,1,0
70.99,8,0,1,0
30.09,10,0,1,0
19.1,14,0,0,0
34.69,21,0,1,0
204.61,15,0,1,0
303.87,19,0,2,0
33.28,14,1,1,0
56.16,19,0,1,0
211.65,12,0,0,0
72.42,8,0,0,0
96.52,20,0,0,0
84.69,11,0,1,0
128.63,21,0,1,0
109.36,16,0,1,0
52.95,18,0,1,0
146.18,10,0,1,0
90.33,16,0,1,0
123.29,14,0,0,0
445.23,18,0,2,0
0.48,12,0,0,0
40.01,19,0,0,0
57.78,11,0,0,0
65.97,20,0,0,0
11.5,8,0,0,0
66.82,18,0,0,0
153.86,14,0,0,0
91.94,12,0,0,0
68.64,12,0,2,0
92.8,17,0,1,0
38.93,21,1,1,0
64.69,9,0,1,0
32.26,11,1,1,0
11.58,14,0,1,0
41.08,12,0,3,0
176.12,11,0,0,0
45.32,9,0,3,0
75.59,19,0,2,0
330.11,19,0,3,0
72.15,11,1,1,0
9.81,19,0,4,0
292.78,21,0,0,0
72.19,8,0,0,0
28.1,9,0,1,0
19.19,8,1,0,0
2.15,12,0,1,0
25.82,19,0,3,0
102.49,21,0,1,0
42.22,10,0,1,0
448.44,14,0,0,0
54.09,18,0,0,0
165.44,14,0,2,0
2.96,11,0,2,0
52.03,8,0,1,0
139.34,14,0,0,0
14.05,13,0,0,0
54.64,19,0,2,0
37.93,9,0,1,0
25.05,11,0,1,0
214.62,13,0,1,0
20.96,12,0,2,0
798.6,8,0,1,0
3.29,21,0,1,0
115.22,10,0,1,0
12.48,12,0,2,0
79.46,8,0,2,0
87.21,17,0,0,0
28.19,15,1,1,0
17.92,21,1,0,0
96.99,20,0,0,0
249.74,16,0,0,0
40.16,15,0,0,0
9.21,9,0,6,0
130.63,13,0,1,0
20.07,17,0,0,0
46.85,18,0,1,0
190.47,19,0,0,0
145.57,19,0,1,0
96.38,8,0,1,0
97.91,13,0,1,0
8.66,10,1,0,0
134.92,14,0,0,0
63.61,11,0,1,0
39.6,11,1,0,0
62.63,21,0,0,0
3.6,8,0,1,0
12.22,17,0,2,0
77.78,19,0,2,0
46.16,17,0,1,0
117.75,20,0,1,0
27.61,19,0,0,0
51.14,8,0,2,0
108.83,13,0,2,0
106.75,12,1,0,0
18.54,17,0,1,0
307.78,19,0,2,0
30.02,11,0,0,0
103.53,21,0,1,0
79.99,21,1,1,0
240.18,12,0,0,0
197.82,16,0,1,0
86.92,10,0,1,0
119.75,20,0,1,0
23.87,11,1,0,0
20.23,21,0,2,0
257.47,16,1,0,0
103.36,14,0,2,0
199.42,17,0,2,0
55.41,13,1,2,0
55.43,16,0,1,0
0.69,14,0,2,0
68.19,13,1,1,0
41.66,20,0,1,0
112.59,9,0,0,0
9.27,14,0,0,0
43.48,14,0,2,0
31.57,20,0,1,0
13.4,10,0,0,0
381.35,8,0,3,0
28.11,15,0,1,0
17.93,16,0,0,0
24.96,15,0,2,0
25.44,19,0,2,0
10.78,14,0,3,0
29.81,11,0,1,0
35.16,19,0,4,0
88.37,20,0,1,0
118.04,10,0,1,0
5.97,14,0,0,0
144.2,10,0,1,0
67.51,8,0,0,0
173.91,16,0,0,0
52.19,14,1,0,0
34.7,19,0,0,0
10.09,18,0,0,0
90.99,10,0,2,0
23.48,14,1,0,0
89.53,16,1,2,0
34.09,17,0,2,0
18.15,9,0,2,0
226.84,15,0,0,0
111.76,19,0,2,0
141.7,14,0,1,0
42.9,16,0,0,0
69.7,14,0,0,0
64.55,14,0,0,0
167.08,11,0,1,0
73.05,10,0,0,0
15.41,9,0,0,0
29.71,13,0,1,0
54.05,10,0,4,0
16.74,12,0,0,0
195.9,13,1,0,0
18.6,14,0,0,0
80.95,16,0,0,0
195.63,15,0,0,0
77.76,19,0,0,0
15.42,9,0,1,0
142.04,10,0,0,0
23.65,12,0,3,0
24.03,12,0,3,0
7.35,17,0,2,0
283.15,16,0,1,0
137.58,16,1,0,0
20.98,12,0,0,0
305.95,12,0,1,0
65.84,13,0,0,0
104.19,19,0,1,0
280.97,20,0,2,0
6.16,16,0,0,0
158.96,10,0,1,0
285.17,15,0,1,0
37.51,14,0,0,0
429.27,13,0,0,0
6.98,13,0,2,0
10.26,18,0,0,0
8.92,13,0,1,0
200.41,11,0,2,0
22.31,11,0,3,0
74.11,17,0,0,0
291.93,19,0,1,0
11.37,16,0,0,0
182.97,11,0,0,0
125.36,20,0,0,0
272.74,15,0,1,0
11.85,15,1,2,0
36.88,13,0,0,0
159.34,21,0,0,0
90.18,12,0,0,0
18.86,13,1,1,0
108.36,18,0,2,0
2.18,19,0,1,0
15.98,21,0,0,0
146.66,9,0,1,0
52.73,19,0,1,0
102.04,16,0,0,0
175.05,13,0,1,0
80.24,16,0,1,0
291.22,15,0,1,0
97.99,13,0,0,0
199.2,15,0,0,0
124.7,9,0,0,0
45.03,19,0,1,0
346.38,8,1,0,0
66.78,20,0,1,0
101.46,15,0,1,0
24.59,10,0,1,0
53.58,8,0,1,0
108.39,15,0,2,0
32.06,16,0,0,0
106.16,16,0,2,0
32.33,12,1,1,0
90.09,17,0,0,0
116.52,10,0,1,0
85.5,18,1,1,0
127.98,15,0,1,0
3.59,17,0,2,0
69.09,13,0,0,0
204.31,12,0,1,0
90.32,20,0,1,0
259.44,12,0,1,0
13.89,10,0,0,0
11.42,19,1,1,0
59.73,8,1,0,0
10.84,9,0,2,0
95.33,14,0,0,0
19.88,11,0,0,0
419.36,21,0,2,0
107.26,17,0,0,0
107.1,14,0,3,0
63.66,19,0,0,0
76.46,13,0,3,0
76.88,13,0,1,0
202.22,13,0,2,0
67.7,11,0,0,0
114.7,17,0,1,0
12.62,10,0,2,0
110.23,13,0,1,0
231.93,12,0,1,0
264.42,16,0,0,0
206.72,17,0,1,0
237.02,13,0,1,0
87.55,17,0,3,0
172.05,9,0,2,0
143.65,11,0,1,0
176.54,10,0,0,0
112.66,17,0,2,0
45.34,15,0,0,0
93.54,9,0,1,0
28.52,20,0,1,0
3.69,17,0,1,0
1.69,20,0,2,0
33.67,19,0,2,0
14.88,13,0,1,0
14.49,8,0,1,0
3.7,20,0,0,0
14.39,14,0,1,0
33.59,16,0,2,0
172.15,11,1,0,0
8.36,13,0,1,0
4.08,17,0,0,0
35.24,15,0,1,0
117.42,8,0,3,0
56.53,11,1,0,0
233.01,13,0,0,0
32.91,14,0,0,0
107.83,19,1,1,0
69.68,11,0,2,0
140.01,20,0,2,0
93.24,21,0,1,0
85.52,13,1,1,0
107.42,18,1,1,0
162.61,10,1,1,0
150.05,18,0,0,0
20.88,18,0,1,0
47.21,21,0,0,0
82.08,18,0,1,0
1.16,12,0,1,0
61.78,21,0,0,0
36.93,8,0,1,0
256.21,14,0,1,0
6.0,19,0,2,0
261.32,14,0,3,0
4.87,19,0,0,0
7.16,18,0,0,0
0.62,21,0,0,0
159.25,18,0,1,0
1.59,13,0,0,0
81.71,17,0,2,0
4.79,15,0,0,0
1.53,11,0,0,0
13.62,11,0,1,0
80.15,8,0,0,0
286.16,20,0,0,0
179.87,18,0,2,0
8.41,20,0,0,0
123.83,8,0,0,0
21.59,21,0,0,0
45.69,8,0,0,0
22.22,16,0,0,0
35.41,21,0,1,0
37.4,15,0,1,0
37.08,13,0,0,0
14.41,21,1,2,0
12.29,18,0,1,0
245.28,8,0,2,0
118.86,12,0,1,0
181.59,20,0,0,0
171.78,21,0,5,0
1.53,18,1,1,0
93.86,9,0,0,0
21.87,21,1,3,0
153.74,8,0,2,0
78.57,20,0,1,0
42.24,11,0,1,0
29.47,12,0,2,0
202.72,19,0,0,0
204.19,9,0,2,0
196.6,12,0,1,0
236.68,16,1,2,0
74.0,10,0,1,0
89.23,17,0,3,0
354.27,15,0,0,0
50.25,19,0,2,0
212.41,20,0,1,0
105.59,16,0,2,0
32.56,18,1,0,0
38.52,21,0,1,0
3.14,13,0,1,0
180.13,12,1,0,0
108.15,16,1,3,0
19.09,19,0,1,0
87.05,14,1,0,0
21.05,15,0,3,0
116.52,18,0,1,0
175.14,8,0,1,0
3.37,17,0,0,0
267.75,12,0,1,0
105.04,15,0,2,0
52.13,12,0,1,0
99.21,11,0,1,0
205.09,14,0,0,0
49.38,11,0,2,0
334.28,19,0,2,0
202.92,9,0,2,0
65.06,17,0,1,0
73.99,11,0,0,0
17.6,13,0,0,0
101.8,15,0,0,0
64.86,11,0,1,0
148.81,17,0,0,0
24.13,9,0,2,0
205.33,17,0,2,0
306.35,12,1,3,0
223.38,12,0,2,0
51.01,9,0,0,0
112.54,8,0,2,0
54.06,15,0,1,0
44.24,8,0,1,0
23.46,16,0,0,0
127.54,17,0,3,0
2.2,18,0,0,0
180.19,11,0,0,0
81.75,10,0,3,0
137.82,14,0,0,0
47.27,21,0,1,0
100.34,16,0,0,0
153.19,15,0,2,0
92.91,17,0,2,0
53.09,9,0,0,0
6.15,15,0,3,0
156.2,21,0,0,0
49.68,16,0,2,0
44.67,13,0,1,0
100.44,21,0,2,0
63.76,14,0,0,0
34.87,15,0,1,0
24.25,17,0,1,0
131.49,20,0,0,0
109.47,16,0,2,0
81.12,18,0,1,0
8.46,15,0,1,0
123.88,12,0,0,0
587.98,8,1,0,0
60.48,17,0,0,0
65.88,21,0,0,0
113.37,19,0,1,0
0.81,12,0,1,0
211.4,9,0,0,0
38.09,9,0,1,0
73.18,11,0,1,0
78.54,15,0,2,0
102.53,11,0,1,0
46.74,14,0,0,0
43.69,21,0,0,0
114.57,21,0,3,0
37.43,8,0,2,0
10.16,16,0,2,0
110.12,20,0,1,0
8.65,14,1,3,0
174.36,11,0,2,0
201.2,11,0,0,0
7.01,10,0,1,0
102.18,14,0,1,0
327.09,17,0,0,0
13.29,18,0,0,0
51.65,8,1,0,0
69.45,18,0,1,0
138.95,18,0,0,0
39.29,14,0,3,0
301.2,13,0,1,0
445.68,14,0,2,0
10.77,8,1,1,0
192.19,9,0,3,0
2.78,9,0,2,0
28.81,10,0,2,0
77.95,17,0,1,0
76.95,18,0,0,0
219.98,17,0,3,0
13.05,12,0,1,0
16.28,10,1,1,0
59.75,12,0,1,0
71.42,13,0,1,0
35.95,15,0,1,0
51.64,15,0,1,0
123.58,18,0,2,0
38.98,15,0,1,0
171.63,20,0,1,0
27.01,13,0,0,0
118.19,11,0,1,0
61.06,14,0,1,0
96.97,9,0,4,0
151.94,9,0,1,0
3.48,9,0,0,0
126.81,8,0,1,0
78.82,19,1,1,0
36.1,16,0,1,0
185.58,20,0,2,0
48.59,15,0,1,0
5.11,17,0,3,0
50.49,15,0,0,0
254.26,10,0,1,0
22.78,11,0,1,0
0.29,11,0,1,0
90.64,10,0,0,0
45.86,16,0,2,0
67.69,13,0,1,0
0.93,11,0,1,0
66.04,19,0,0,0
144.44,14,0,1,0
29.69,17,0,3,0
62.75,10,0,1,0
36.22,11,0,1,0
54.46,17,0,2,0
2.4,18,0,0,0
65.74,14,0,1,0
182.89,15,0,0,0
51.34,11,0,3,0
8.88,18,0,3,0
36.86,9,0,0,0
302.08,9,0,0,0
55.16,11,0,0,0
35.25,9,1,0,0
34.53,9,0,2,0
216.13,14,0,2,0
106.86,16,0,3,0
135.92,14,0,0,0
45.9,17,0,0,0
98.81,18,0,0,0
57.0,11,0,0,0
154.12,15,0,0,0
395.39,10,0,0,0
172.71,21,0,0,0
17.21,11,0,0,0
37.17,19,1,2,0
444.02,9,0,2,0
322.97,12,0,1,0
343.02,11,0,2,0
219.82,10,0,2,0
166.17,8,0,4,0
249.01,8,0,2,0
103.62,10,0,1,0
153.57,20,0,3,0
119.24,16,0,1,0
60.21,12,1,1,0
24.88,8,0,0,0
119.93,18,0,1,0
16.81,9,0,2,0
81.32,20,0,1,0
123.1,13,0,1,0
29.11,11,0,1,0
124.2,18,0,1,0
12.95,21,0,2,0
20.4,8,0,2,0
86.14,11,0,0,0
41.49,12,0,0,0
39.03,12,0,1,0
23.35,13,0,0,0
155.81,20,0,0,0
189.91,19,0,0,0
302.54,18,0,1,0
36.49,13,0,2,0
13.19,14,0,2,0
54.43,10,0,3,0
50.23,15,0,0,0
51.43,18,0,3,0
30.56,9,0,1,0
3.92,12,0,0,0
91.03,11,0,0,0
14.78,15,0,2,0
261.35,19,0,3,0
268.01,12,1,1,0
199.14,12,1,4,0
25.86,19,0,1,0
284.75,13,1,1,0
73.26,17,0,1,0
20.77,11,0,1,0
7.59,16,1,0,0
7.88,19,0,3,0
26.56,21,0,2,0
39.36,11,0,1,0
106.85,18,0,0,0
82.49,13,1,0,0
458.92,16,0,1,0
7.62,9,0,0,0
21.39,13,0,0,0
100.49,8,1,0,0
124.4,14,0,2,0
255.2,14,0,0,0
147.17,14,0,1,0
156.8,9,0,3,0
68.41,16,0,0,0
9.35,11,1,2,0
51.36,17,0,1,0
138.56,8,0,0,0
84.39,11,0,1,0
106.35,12,0,1,0
70.38,9,0,3,0
68.96,13,0,4,0
161.54,21,0,1,0
282.19,10,0,1,0
154.31,9,1,0,0
24.94,11,0,1,0
60.08,9,0,0,0
56.35,21,0,2,0
34.11,20,0,0,0
44.51,15,0,2,0
139.32,14,0,0,0
150.43,15,0,2,0
223.11,13,0,1,0
33.84,9,0,1,0
2.84,9,0,2,0
4.02,16,1,4,0
9.61,14,0,0,0
312.62,15,0,0,0
2.22,12,0,0,0
36.46,17,0,1,0
158.65,21,0,0,0
8.57,18,0,0,0
136.66,13,0,1,0
36.74,14,0,1,0
197.21,18,0,2,0
148.6,17,0,1,0
123.15,20,0,0,0
67.05,21,0,0,0
129.41,17,0,4,0
309.14,18,0,3,0
251.73,17,0,0,0
17.72,8,0,3,0
73.77,19,0,1,0
97.74,9,0,2,0
30.81,14,0,0,0
153.21,17,0,2,0
90.33,19,0,2,0
384.47,13,1,1,0
288.07,17,0,0,0
288.61,9,1,0,0
30.5,9,0,0,0
38.55,21,0,2,0
182.55,16,0,0,0
229.2,20,0,1,0
4.67,12,0,1,0
33.88,17,0,1,0
94.16,19,0,0,0
24.17,20,0,1,0
75.95,20,0,2,0
12.82,8,0,0,0
472.68,14,0,0,0
98.63,14,0,2,0
93.18,19,0,2,0
53.66,17,1,2,0
58.45,14,0,2,0
24.21,15,0,1,0
85.4,15,0,0,0
23.53,10,0,1,0
154.42,21,0,1,0
71.51,20,0,3,0
70.73,20,0,1,0
336.48,16,0,0,0
31.39,19,0,2,0
273.03,17,0,1,0
42.24,11,0,1,0
65.64,20,0,1,0
44.74,11,0,1,0
106.83,21,0,2,0
44.92,20,0,1,0
99.58,21,0,2,0
87.69,14,0,0,0
100.92,8,1,0,0
128.68,19,0,0,0
139.54,18,0,2,0
12.12,19,0,1,0
42.12,12,0,2,0
45.11,19,0,0,0
19.13,9,0,0,0
31.57,18,0,1,0
140.65,19,0,2,0
278.96,20,0,0,0
39.01,15,0,1,0
66.21,14,0,2,0
82.76,20,0,0,0
59.25,19,0,2,0
106.17,8,0,0,0
39.78,21,0,1,0
46.43,18,0,1,0
69.48,10,0,0,0
78.05,21,0,0,0
20.88,10,0,0,0
719.85,8,0,1,0
268.27,16,0,0,0
25.2,19,0,0,0
62.32,10,0,2,0
19.7,21,1,0,0
88.65,11,1,1,0
196.79,17,0,1,0
38.16,19,0,1,0
13.19,8,0,2,0
2.3,20,0,2,0
91.77,17,0,2,0
57.29,17,0,1,0
26.03,9,0,0,0
172.4,9,0,2,0
24.91,21,0,1,0
181.8,9,0,1,0
7.79,13,0,3,0
47.36,14,0,0,0
60.83,9,0,0,0
193.79,9,0,3,0
248.91,8,0,1,0
81.01,17,0,0,0
13.97,9,0,1,0
219.06,10,1,1,0
161.66,12,0,0,0
20.1,19,0,1,0
54.53,19,0,0,0
19.67,9,0,2,0
35.04,15,0,2,0
65.68,12,0,0,0
200.24,9,0,0,0
145.24,17,0,3,0
29.01,9,0,3,0
358.15,15,0,0,0
250.46,18,0,0,0
61.17,11,0,1,0
22.54,13,0,0,0
18.13,8,0,1,0
239.35,10,0,0,0
40.68,13,0,1,0
383.39,17,0,2,0
18.34,16,0,1,0
26.0,17,0,2,0
29.65,11,0,1,0
90.62,8,1,3,0
255.94,15,1,2,0
248.95,16,0,0,0
173.66,17,0,1,0
114.7,8,0,0,0
128.37,12,0,0,0
68.61,11,0,1,0
54.52,13,0,0,0
5.85,18,0,1,0
20.34,19,0,2,0
63.63,8,1,0,0
214.29,19,0,1,0
41.14,13,0,0,0
657.3,20,0,1,0
160.08,11,0,2,0
108.05,19,0,0,0
9.9,18,1,2,0
38.73,13,0,0,0
251.88,14,0,2,0
243.19,9,0,0,0
66.3,13,0,0,0
102.98,13,0,0,0
59.38,20,0,0,0
108.43,18,0,1,0
15.65,20,0,1,0
11.24,11,1,1,0
62.26,17,0,1,0
21.12,14,0,0,0
134.94,15,0,1,0
74.76,14,0,4,0
6.71,21,1,1,0
66.64,14,1,0,0
15.06,18,0,2,0
66.4,14,0,0,0
62.21,8,0,1,0
124.5,9,1,3,0
207.76,21,0,1,0
266.29,15,1,2,0
145.76,9,0,1,0
8.32,21,0,2,0
27.13,15,0,1,0
84.62,21,0,3,0
29.89,9,0,0,0
231.04,17,0,0,0
66.1,16,0,4,0
211.83,15,0,0,0
270.91,17,0,1,0
182.36,15,0,3,0
97.44,16,0,2,0
335.93,19,0,4,0
193.21,16,0,2,0
33.37,16,0,0,0
117.79,13,0,1,0
92.52,11,0,1,0
209.53,19,1,1,0
467.64,15,0,0,0
145.73,19,0,0,0
36.95,9,0,0,0
199.63,17,0,1,0
6.56,14,0,1,0
14.0,13,0,0,0
50.67,8,0,0,0
50.33,9,0,3,0
136.1,9,0,1,0
32.38,13,0,0,0
36.26,9,0,2,0
0.51,20,0,2,0
215.47,14,0,0,0
143.36,17,0,0,0
41.8,16,0,4,0
159.83,18,0,2,0
71.76,17,0,0,0
6.79,13,0,1,0
161.43,8,0,3,0
50.05,11,0,0,0
21.8,18,0,0,0
111.04,10,0,1,0
175.98,19,0,1,0
113.32,20,0,2,0
328.14,10,0,0,0
1.93,19,0,0,0
9.55,20,0,1,0
30.11,8,1,0,0
5.41,16,0,1,0
294.73,18,0,0,0
72.54,12,0,1,0
74.84,8,0,2,0
73.92,10,0,0,0
199.83,14,0,0,0
12.02,15,0,0,0
0.81,13,0,1,0
41.98,21,0,3,0
30.63,17,0,1,0
437.51,14,0,2,0
97.4,11,0,0,0
324.28,20,0,1,0
149.15,21,1,1,0
129.87,12,0,1,0
89.19,14,0,2,0
87.49,21,0,0,0
3.14,11,0,0,0
162.33,21,1,1,0
13.98,15,0,2,0
64.03,16,0,2,0
100.95,17,0,2,0
248.66,11,0,0,0
34.67,20,0,0,0
42.63,9,0,1,0
64.26,14,0,0,0
105.43,10,0,0,0
55.18,15,0,1,0
143.98,16,1,1,0
3.25,10,0,2,0
0.98,10,0,0,0
31.26,21,0,1,0
137.49,14,0,2,0
108.65,12,0,2,0
32.44,19,0,0,0
14.58,18,0,1,0
81.38,18,0,1,0
6.04,11,0,1,0
15.49,19,0,1,0
147.97,16,0,1,0
31.37,19,0,0,0
43.89,19,0,0,0
20.67,18,0,0,0
68.14,10,0,2,0
450.03,20,0,0,0
21.61,14,0,0,0
91.84,18,0,1,0
103.33,16,0,1,0
22.3,11,0,0,0
22.97,10,0,5,0
444.56,15,0,1,0
124.27,17,0,1,0
93.28,13,0,3,0
276.71,18,0,0,0
150.95,19,0,0,0
40.77,15,1,0,0
6.0,20,0,1,0
58.65,11,0,2,0
67.92,18,0,0,0
13.21,8,0,0,0
55.41,9,0,0,0
494.78,13,0,0,0
28.42,16,0,0,0
175.79,20,0,1,0
243.1,16,1,1,0
239.15,18,0,0,0
139.16,12,0,0,0
284.87,10,0,0,0
118.27,13,0,0,0
4.91,19,0,0,0
167.08,13,0,0,0
254.26,10,1,1,0
82.81,14,0,1,0
28.45,9,1,0,0
17.4,9,1,0,0
191.55,18,0,3,0
17.45,19,0,1,0
324.14,10,0,3,0
251.98,14,0,1,0
53.54,10,0,0,0
97.54,17,0,3,0
3.22,19,0,0,0
255.72,19,0,2,0
133.5,14,0,0,0
45.25,15,0,0,0
40.33,9,0,1,0
37.46,16,0,0,0
26.32,12,0,2,0
254.46,13,0,0,0
99.38,14,0,0,0
217.66,20,0,2,0
115.76,10,0,1,0
154.8,21,0,2,0
35.8,9,0,0,0
102.21,17,0,0,0
13.95,9,0,0,0
241.23,14,0,1,0
105.44,14,0,1,0
89.55,16,0,1,0
109.82,18,0,0,0
240.15,10,0,3,0
9.88,13,0,0,0
150.0,13,1,1,0
31.7,9,0,2,0
67.01,11,0,0,0
66.28,16,1,1,0
172.96,17,0,0,0
36.06,10,0,3,0
123.73,18,0,1,0
143.06,18,0,1,0
233.38,19,0,1,0
3.59,12,0,1,0
284.46,19,0,0,0
426.9,15,0,2,0
133.15,21,0,1,0
16.07,20,0,1,0
12.05,8,0,2,0
26.56,14,0,2,0
10.85,17,0,0,0
48.22,10,0,0,0
49.92,10,0,0,0
60.24,21,0,1,0
174.86,12,0,1,0
161.65,15,0,1,0
304.1,19,0,1,0
372.62,16,0,1,0
25.56,11,0,1,0
66.79,19,1,2,0
213.85,10,0,1,0
239.52,21,0,3,0
432.33,16,0,2,0
17.27,9,1,1,0
13.17,13,0,0,0
94.21,10,0,0,0
73.06,11,0,0,0
212.08,18,0,0,0
203.26,13,0,2,0
240.24,10,0,2,0
92.84,19,0,0,0
170.3,19,0,0,0
158.81,13,0,1,0
138.08,20,0,1,0
0.23,21,0,2,0
24.89,15,0,2,0
32.85,13,0,0,0
335.43,14,0,0,0
66.48,21,0,2,0
101.86,11,0,0,0
3.02,15,0,1,0
230.4,15,0,1,0
49.67,15,0,0,0
203.31,18,0,2,0
223.38,18,0,0,0
1.26,11,0,1,0
9.13,13,0,1,0
40.99,12,0,0,0
11.87,17,0,2,0
13.79,8,0,0,0
165.0,16,0,2,0
45.76,14,0,1,0
1.02,18,0,1,0
213.26,12,0,1,0
90.45,17,0,1,0
149.5,15,0,0,0
10.19,11,0,0,0
12.84,16,0,1,0
143.71,20,0,2,0
49.14,8,0,0,0
40.35,9,1,0,0
309.32,16,0,0,0
460.91,20,1,0,0
76.78,12,0,0,0
43.24,11,0,0,0
230.11,16,0,0,0
102.74,18,0,0,0
55.56,17,0,3,0
363.09,18,0,0,0
53.45,13,0,1,0
133.15,15,0,2,0
53.33,21,0,3,0
63.58,13,0,1,0
123.74,8,0,1,0
489.68,9,0,0,0
18.36,14,0,1,0
39.79,11,0,2,0
23.46,21,0,2,0
4.64,9,0,0,0
37.61,11,0,0,0
81.38,18,0,1,0
85.03,12,0,5,0
279.55,10,0,0,0
5.53,18,0,0,0
103.22,14,0,0,0
62.56,11,0,2,0
122.74,16,0,4,0
124.89,12,0,2,0
70.42,13,0,1,0
35.99,17,0,0,0
9.5,16,0,2,0
5.84,18,0,0,0
12.45,14,0,2,0
433.27,17,0,1,0
16.75,21,0,2,0
100.06,19,0,1,0
117.83,19,0,1,0
39.3,14,0,0,0
68.6,8,0,0,0
135.26,18,0,1,0
136.85,18,0,2,0
87.83,17,0,0,0
17.63,9,0,1,0
18.39,18,1,0,0
175.68,10,0,4,0
20.73,20,0,0,0
92.95,16,0,1,0
212.49,18,0,1,0
47.99,8,0,0,0
30.42,17,1,3,0
94.95,21,0,1,0
347.06,8,0,1,0
123.59,9,0,2,0
94.96,20,0,1,0
36.77,20,0,1,0
85.83,13,0,2,0
92.04,8,0,0,0
28.68,10,0,0,0
60.88,12,0,1,0
276.67,17,0,1,0
332.38,17,0,1,0
192.12,13,0,1,0
42.42,9,0,1,0
38.13,11,0,0,0
298.38,11,0,2,0
68.45,17,1,1,0
31.62,10,0,0,0
70.01,15,0,1,0
62.93,19,0,0,0
0.59,13,0,0,0
12.24,10,0,2,0
289.88,18,0,1,0
54.05,9,0,1,0
9.68,14,0,2,0
246.55,9,1,0,0
148.39,16,0,0,0
110.1,13,0,1,0
24.14,8,0,1,0
51.29,21,0,1,0
70.2,13,0,4,0
96.41,18,0,0,0
156.93,8,0,0,0
67.42,20,0,0,0
84.42,11,0,1,0
229.03,13,0,0,0
78.33,9,1,2,0
10.5,15,0,1,0
102.2,8,0,0,0
18.34,11,0,1,0
0.92,18,0,2,0
40.48,15,0,0,0
21.78,21,0,0,0
34.84,20,0,0,0
25.1,18,0,0,0
103.82,16,0,3,0
27.15,17,0,0,0
64.89,17,0,3,0
78.87,18,0,1,0
97.64,9,0,2,0
17.68,12,0,3,0
117.48,9,0,0,0
1.32,17,0,0,0
64.61,15,0,1,0
170.93,8,0,3,0
54.76,12,0,1,0
57.19,10,0,2,0
125.45,20,0,1,0
60.19,16,0,1,0
26.32,11,0,2,0
88.45,12,0,3,0
80.87,18,0,2,0
252.4,9,0,1,0
12.93,8,0,0,0
96.23,19,0,1,0
454.22,16,0,0,0
104.06,8,0,0,0
300.51,17,0,1,0
53.36,17,0,1,0
41.43,11,0,2,0
40.4,8,1,2,0
16.76,12,0,0,0
166.38,17,0,2,0
63.13,19,0,2,0
174.53,18,0,0,0
136.39,9,0,1,0
118.22,8,1,1,0
7.5,15,0,2,0
38.42,19,0,1,0
435.62,10,0,1,0
86.52,18,0,2,0
382.44,13,1,0,0
126.75,10,1,0,0
11.98,17,0,2,0
253.23,15,0,1,0
60.28,15,0,0,0
153.23,16,1,0,0
317.7,14,0,2,0
145.64,19,0,1,0
227.04,15,0,1,0
47.49,16,0,1,0
413.97,19,0,0,0
81.54,20,0,2,0
141.49,12,1,0,0
4.62,13,0,0,0
142.93,16,0,1,0
66.42,20,0,1,0
306.7,9,0,0,0
295.87,12,0,1,0
66.21,14,0,2,0
101.77,12,0,1,0
176.9,15,0,0,0
213.34,13,0,3,0
88.28,12,0,1,0
262.08,19,0,0,0
3.54,18,0,0,0
689.6,16,0,2,0
95.99,18,1,0,0
136.83,19,0,0,0
126.48,13,0,1,0
30.25,10,0,0,0
53.22,13,0,1,0
393.86,16,0,3,0
119.02,9,0,0,0
48.63,10,0,0,0
311.84,18,0,0,0
2.83,15,0,0,0
21.11,20,0,0,0
30.31,19,0,0,0
11.61,8,0,0,0
11.92,9,0,0,0
66.64,20,0,1,0
34.84,14,0,2,0
42.13,15,0,0,0
14.95,21,0,1,0
87.27,12,0,3,0
89.03,8,0,0,0
17.99,12,0,0,0
31.66,19,0,1,0
239.85,11,0,0,0
166.16,16,0,3,0
92.99,14,0,2,0
103.73,18,0,1,0
47.15,14,0,1,0
28.87,19,0,2,0
20.43,21,0,0,0
65.98,13,0,1,0
114.62,15,0,1,0
125.82,15,0,1,0
110.0,14,0,1,0
39.66,16,0,1,0
21.02,20,0,1,0
226.32,13,0,1,0
4.07,13,0,1,0
300.3,8,0,1,0
85.19,17,1,0,0
90.43,17,0,2,0
98.74,16,0,0,0
135.19,12,0,1,0
1.32,21,0,0,0
18.14,19,0,0,0
104.54,21,0,0,0
81.17,20,0,2,0
122.87,17,0,0,0
192.24,21,0,1,0
51.68,8,0,0,0
15.36,17,0,1,0
23.27,20,0,1,0
107.4,20,0,0,0
18.09,20,1,0,0
21.25,8,1,0,0
94.79,17,0,0,0
90.76,8,0,0,0
92.53,8,0,1,0
154.9,12,0,0,0
53.69,17,0,0,0
22.22,17,0,2,0
161.26,16,0,0,0
17.56,18,0,0,0
75.54,17,0,1,0
27.7,9,0,2,0
178.76,14,0,1,0
60.54,9,0,0,0
49.34,20,0,1,0
155.39,12,0,2,0
57.07,20,0,3,0
70.48,8,0,3,0
27.31,18,0,2,0
237.06,11,0,0,0
65.98,14,0,0,0
168.73,21,0,0,0
0.7,13,0,0,0
54.99,20,0,0,0
47.12,12,1,1,0
120.96,15,1,1,0
203.21,19,0,1,0
17.67,13,0,0,0
147.76,17,0,0,0
170.28,15,0,1,0
90.52,17,0,0,0
25.05,12,1,1,0
85.41,13,0,2,0
21.49,10,0,1,0
1.2,11,0,1,0
76.85,14,1,2,0
112.67,20,0,2,0
31.17,11,0,1,0
42.4,13,0,1,0
88.05,12,0,1,0
118.84,19,0,1,0
65.94,9,0,0,0
181.33,16,0,1,0
56.29,15,1,0,0
42.94,17,1,1,0
23.49,16,0,0,0
90.51,14,0,2,0
18.71,15,0,1,0
39.88,15,0,0,0
371.42,10,0,0,0
16.12,18,0,1,0
22.25,17,0,0,0
14.3,11,0,1,0
149.5,13,1,2,0
27.59,19,0,1,0
47.94,18,0,1,0
107.31,11,0,0,0
37.74,20,0,1,0
128.02,11,1,1,0
114.53,11,0,0,0
50.55,15,0,0,0
55.34,16,0,1,0
49.31,21,0,1,0
54.57,13,0,2,0
133.28,13,0,0,0
99.55,9,1,0,0
95.01,17,0,0,0
169.04,17,0,0,0
63.48,10,1,1,0
133.43,20,0,0,0
87.41,20,0,0,0
17.11,11,1,0,0
101.51,10,0,2,0
105.91,8,0,1,0
194.86,17,0,0,0
48.24,13,0,1,0
24.24,14,0,2,0
60.5,10,0,1,0
63.15,11,0,2,0
105.74,21,1,1,0
1.33,20,0,1,0
37.91,10,0,0,0
71.18,17,0,0,0
107.69,17,0,4,0
53.59,9,0,1,0
91.85,12,0,2,0
59.17,18,0,2,0
44.05,20,0,1,0
0.01,12,0,0,0
29.04,12,0,0,0
36.86,18,0,0,0
8.76,12,0,3,0
83.69,11,0,0,0
5643.07,3,0,7,1
136.82,0,1,9,1
386.09,3,0,12,1
2283.24,1,1,11,1
3002.39,2,1,6,1
332.59,3,1,11,1
3140.76,1,1,2,1
225.49,2,1,11,1
3106.4,3,1,12,1
1063.05,3,1,7,1
1938.53,3,1,9,1
1495.76,4,1,7,1
628.95,4,1,10,1
911.43,5,1,9,1
483.73,3,1,9,1
365.54,3,0,11,1
2079.92,2,1,7,1
3340.0,4,1,13,1
184.74,3,1,15,1
414.69,2,1,6,0
798.41,5,1,14,1
2481.17,2,1,7,1
134.4,4,0,4,0
97.44,0,0,5,0
2679.5,4,1,13,1
690.36,4,0,9,1
939.22,2,0,6,0
900.97,2,1,5,0
218.57,5,1,4,0
7248.48,1,1,8,1
6580.71,1,0,6,1
1118.64,2,1,9,1
3679.48,0,1,8,1
96.65,0,1,6,0
5.23,0,1,7,1
2110.83,2,1,9,1
855.62,3,1,10,1
240.21,0,1,3,0
535.12,0,1,4,0
3699.5,0,1,9,1
1655.49,2,1,14,1
1408.1,4,1,8,1
136.16,4,0,13,1
686.3,1,0,12,1
1080.75,3,1,10,1
1432.11,4,1,9,1
893.51,1,1,7,1
5437.63,3,1,10,1
1361.15,5,1,15,1
131.96,5,1,6,0
5348.59,0,1,12,1
1425.78,3,0,5,1
1989.68,5,1,7,1
5828.33,2,0,7,1
1929.17,3,1,6,1
2030.37,2,1,11,1
566.14,3,1,10,1
1354.57,4,0,8,1
7001.91,1,0,11,1
1629.52,5,1,11,1
3497.07,5,1,14,1
5104.45,4,1,5,1
872.28,5,1,11,1
857.15,1,0,13,1
1625.57,3,1,5,1
3453.99,1,1,6,1
1206.27,4,1,7,1
109.78,5,1,10,1
835.84,3,1,7,1
2483.82,4,1,8,1
915.35,5,0,12,1
2189.25,3,0,8,1
619.44,1,1,4,0
864.53,1,1,8,1
1010.71,0,1,8,1
3879.13,5,1,5,1
47.87,4,1,6,0
2274.42,3,1,9,1
168.32,4,1,7,1
3438.38,0,1,4,1
3295.19,2,1,3,1
4823.41,3,1,9,1
3122.67,1,1,7,1
864.82,2,1,9,1
362.86,5,1,8,1
2765.83,3,1,8,1
420.17,1,1,4,0
479.98,1,1,9,1
523.65,4,0,6,0
2820.34,2,1,13,1
7613.63,1,1,8,1
3805.18,5,1,10,1
193.77,3,1,2,0
3977.75,5,1,7,1
1229.1,2,0,11,1
5675.16,5,1,6,1
3798.19,4,1,6,1
413.12,3,0,15,1
2504.12,4,0,6,1
1144.59,0,0,9,1
