amount,hour_of_day,is_foreign,num_transactions_last_hour,is_fraud
111.56,12,0,0,0
66.96,10,0,0,0
174.58,13,0,1,0
3.2,8,0,1,0
165.05,21,0,0,0
83.38,12,0,1,0
35.33,17,0,1,0
4.78,15,0,2,0
467.0,10,0,1,0
0.68,20,0,1,0
146.88,19,0,0,0
137.34,21,0,1,0
47.39,19,0,1,0
68.15,18,0,0,0
264.43,15,0,1,0
50.33,17,0,0,0
364.8,20,0,0,0
74.32,20,0,0,0
9.83,18,0,2,0
167.83,17,0,0,0
23.79,19,0,3,0
80.82,16,0,0,0
34.57,20,0,1,0
169.36,16,0,1,0
176.05,8,0,1,0
25.05,8,1,1,0
103.52,21,0,0,0
10.0,13,0,2,0
53.05,20,0,1,0
10.19,17,0,1,0
15.55,19,0,0,0
23.85,16,0,3,0
64.75,19,0,2,0
8.08,13,0,0,0
26.79,16,0,2,0
0.66,18,0,1,0
228.91,12,0,1,0
80.35,10,0,1,0
18.34,12,0,1,0
264.34,17,0,2,0
78.11,21,0,3,0
4.27,14,0,0,0
74.42,10,0,3,0
102.2,11,0,2,0
161.27,15,0,1,0
180.13,14,0,1,0
29.12,16,0,2,0
345.06,15,0,0,0
62.78,19,0,1,0
30.66,15,0,1,0
79.71,21,1,1,0
47.37,14,0,1,0
22.78,14,0,3,0
247.06,19,0,5,0
279.98,12,0,1,0
181.7,20,0,1,0
56.7,14,0,2,0
125.92,11,0,0,0
190.61,13,0,0,0
8.23,8,1,0,0
52.76,20,1,2,0
102.6,21,0,0,0
374.87,16,0,0,0
122.18,21,0,1,0
101.23,11,0,0,0
22.99,18,0,2,0
34.68,18,1,0,0
17.44,20,0,2,0
36.23,11,0,3,0
126.76,12,1,1,0
316.96,13,0,1,0
1.59,10,0,0,0
37.48,12,0,3,0
5.01,15,0,0,0
207.76,18,0,1,0
118.34,20,0,0,0
175.19,9,0,0,0
250.53,18,0,0,0
16.62,9,0,0,0
63.49,21,0,1,0
79.02,13,0,0,0
72.62,16,0,2,0
127.45,11,0,0,0
172.89,21,0,1,0
26.82,20,0,0,0
11.15,17,0,2,0
95.16,17,0,2,0
27.93,19,0,0,0
175.42,17,0,0,0
62.65,16,0,2,0
117.45,14,0,1,0
43.82,20,0,0,0
10.92,19,0,0,0
35.51,20,0,1,0
17.82,15,0,2,0
26.5,21,0,0,0
78.62,19,0,2,0
43.84,13,0,0,0
136.51,21,0,0,0
104.46,13,0,0,0
146.98,8,1,1,0
156.22,15,0,1,0
74.78,16,1,0,0
29.61,21,0,2,0
537.41,19,0,1,0
11.27,12,0,1,0
53.6,15,1,0,0
16.8,15,0,0,0
70.74,16,0,1,0
164.44,12,0,1,0
64.39,18,0,1,0
56.94,19,0,2,0
40.3,21,0,0,0
7.99,20,0,0,0
128.82,21,0,0,0
139.17,8,0,1,0
95.46,20,0,0,0
232.46,12,0,0,0
14.29,17,0,1,0
22.4,11,0,1,0
188.54,12,0,3,0
108.21,13,0,0,0
72.66,17,0,1,0
148.1,17,0,0,0
149.8,20,0,2,0
80.94,14,0,1,0
116.97,19,0,1,0
28.65,12,0,1,0
121.53,15,0,1,0
50.99,15,0,1,0
96.21,17,0,2,0
91.83,13,0,2,0
94.35,9,0,0,0
121.43,13,0,1,0
8.0,16,0,1,0
23.81,16,0,3,0
35.45,19,0,0,0
338.35,10,0,0,0
107.18,9,0,1,0
19.13,20,1,0,0
114.49,9,1,0,0
183.92,20,0,1,0
230.32,21,0,1,0
23.32,17,1,0,0
294.8,14,0,1,0
26.37,21,1,2,0
16.7,12,1,0,0
99.63,15,0,0,0
3.73,13,0,0,0
158.91,9,0,1,0
15.41,9,0,2,0
9.05,17,1,1,0
170.91,19,0,0,0
330.42,10,0,0,0
143.14,18,1,1,0
171.18,19,0,2,0
276.28,18,0,1,0
53.42,19,0,1,0
38.4,8,1,3,0
122.85,10,0,1,0
98.85,14,0,0,0
115.52,20,0,1,0
124.87,20,0,2,0
125.53,21,0,2,0
25.1,17,0,1,0
8.69,9,1,1,0
69.39,10,0,2,0
281.51,16,0,0,0
132.6,17,0,1,0
17.97,8,0,1,0
6.88,18,0,2,0
87.48,17,0,1,0
87.54,8,0,0,0
112.2,15,0,1,0
27.75,21,0,0,0
59.62,19,0,0,0
120.08,10,0,2,0
17.27,21,0,0,0
20.74,17,0,5,0
57.77,17,0,2,0
28.83,20,0,0,0
251.95,19,0,1,0
21.06,9,0,1,0
51.03,12,0,0,0
170.08,20,0,2,0
3.92,9,0,1,0
110.3,9,0,0,0
1.41,17,0,0,0
263.34,11,0,2,0
12.13,10,0,2,0
16.47,20,0,0,0
93.81,17,0,0,0
187.9,18,0,4,0
57.34,21,0,0,0
62.62,12,0,2,0
180.98,21,0,1,0
71.26,21,0,2,0
61.74,20,1,1,0
34.76,14,0,0,0
45.01,15,0,2,0
39.73,9,0,0,0
84.13,14,0,0,0
152.31,21,0,0,0
128.0,15,0,2,0
113.52,21,0,3,0
263.83,18,0,0,0
201.82,9,0,1,0
258.73,21,0,1,0
4.3,18,0,0,0
50.06,16,1,1,0
87.58,15,0,0,0
61.96,8,0,0,0
113.74,12,0,2,0
437.53,14,0,1,0
16.67,10,0,1,0
40.53,11,0,2,0
306.03,20,0,1,0
55.66,20,0,0,0
53.97,20,0,0,0
204.96,12,0,0,0
4.26,15,0,0,0
12.73,17,0,0,0
13.55,15,1,1,0
455.72,20,0,2,0
9.36,9,0,1,0
51.5,11,0,0,0
221.76,11,0,1,0
48.49,16,0,1,0
2.41,20,0,0,0
54.37,12,0,1,0
8.75,18,0,1,0
89.42,19,0,3,0
63.04,11,0,0,0
44.06,18,0,0,0
189.19,20,1,1,0
241.19,18,0,1,0
68.39,14,0,2,0
59.34,21,0,2,0
249.5,10,0,0,0
210.8,17,0,3,0
187.52,12,0,1,0
103.41,15,1,0,0
75.89,20,0,2,0
334.85,14,0,0,0
34.56,17,0,0,0
36.54,16,0,0,0
10.7,18,0,3,0
51.62,14,0,1,0
73.06,8,0,1,0
10.97,17,0,0,0
40.73,9,0,3,0
54.89,18,0,1,0
454.53,10,0,1,0
377.64,11,0,3,0
12.29,16,0,2,0
53.04,17,0,0,0
154.02,13,0,1,0
95.26,20,0,0,0
122.25,19,0,1,0
195.08,9,0,2,0
44.03,11,0,1,0
120.5,18,0,1,0
102.09,15,0,0,0
6.8,13,0,0,0
109.29,17,0,0,0
5.23,19,0,0,0
26.1,20,1,4,0
11.69,21,0,1,0
26.37,12,0,2,0
301.14,18,0,0,0
197.11,15,0,0,0
34.65,20,0,0,0
306.78,11,0,0,0
12.94,11,0,0,0
19.91,13,0,0,0
60.63,14,0,1,0
5.63,18,0,1,0
52.92,18,0,0,0
84.38,20,0,2,0
150.81,14,0,2,0
144.81,14,0,1,0
736.87,18,0,0,0
75.29,14,0,1,0
178.16,11,0,0,0
128.47,12,0,1,0
146.45,14,0,1,0
34.72,8,0,0,0
83.54,20,0,2,0
165.18,13,1,0,0
78.79,13,0,1,0
193.14,12,0,0,0
70.14,15,0,0,0
29.01,10,0,2,0
11.82,11,0,0,0
29.8,12,0,2,0
96.24,11,0,3,0
61.69,8,0,2,0
134.92,9,0,1,0
47.31,20,0,0,0
147.13,12,0,0,0
38.71,13,0,1,0
374.65,15,0,2,0
35.49,19,0,0,0
199.37,16,0,0,0
56.18,14,0,1,0
28.1,10,0,0,0
316.69,10,1,2,0
49.7,9,0,1,0
127.22,10,0,0,0
18.15,14,0,2,0
332.93,14,0,4,0
14.93,9,0,0,0
208.28,9,0,4,0
1.49,19,0,0,0
38.11,8,0,1,0
64.63,17,0,1,0
126.12,8,0,0,0
119.7,20,0,0,0
32.44,18,0,1,0
7.78,9,0,0,0
10.22,14,0,0,0
0.0,18,0,3,0
144.62,12,0,0,0
14.58,21,0,1,0
168.49,17,0,2,0
32.43,18,1,2,0
19.31,17,0,0,0
62.34,10,0,1,0
133.87,21,1,0,0
187.62,15,0,0,0
73.63,21,0,0,0
34.24,17,0,0,0
55.21,20,0,1,0
309.82,18,0,1,0
161.71,18,0,2,0
48.18,20,0,0,0
119.09,15,0,1,0
55.45,8,1,2,0
151.02,20,0,0,0
33.64,9,0,1,0
53.6,15,0,1,0
96.68,10,0,0,0
16.76,14,0,2,0
130.58,12,0,1,0
109.82,11,0,0,0
428.97,19,0,2,0
128.02,18,1,0,0
97.81,8,0,1,0
88.55,13,0,0,0
105.35,21,0,0,0
318.15,14,1,0,0
11.65,19,0,2,0
218.97,8,0,2,0
38.84,16,0,1,0
0.46,8,0,2,0
26.77,18,0,0,0
74.58,14,0,0,0
80.64,13,0,1,0
79.25,18,0,1,0
89.32,15,0,1,0
3.27,19,0,3,0
716.22,19,0,2,0
55.58,17,0,2,0
17.38,13,0,0,0
25.22,13,1,1,0
127.9,17,0,1,0
40.53,19,0,2,0
82.72,10,0,2,0
305.64,18,0,0,0
62.61,9,0,1,0
82.18,12,1,1,0
37.14,14,0,1,0
130.23,9,0,0,0
127.53,16,0,0,0
50.04,18,0,1,0
47.32,14,0,1,0
112.35,9,0,0,0
112.27,11,0,1,0
188.12,12,0,1,0
349.99,11,0,3,0
35.26,17,0,0,0
41.59,10,0,0,0
45.01,20,0,1,0
85.29,20,0,2,0
33.93,18,0,2,0
90.52,15,0,0,0
75.79,18,0,1,0
21.48,18,0,2,0
149.95,16,1,2,0
145.49,13,0,2,0
9.71,20,0,1,0
89.2,19,0,1,0
101.58,13,0,0,0
10.56,10,0,2,0
24.64,8,0,1,0
131.29,13,1,2,0
26.21,19,0,2,0
21.19,14,0,1,0
10.46,19,0,0,0
75.0,18,0,1,0
510.94,19,0,1,0
65.8,15,0,2,0
158.5,19,0,0,0
177.84,19,0,0,0
72.93,16,0,0,0
17.67,15,0,3,0
15.84,21,0,1,0
131.78,9,0,3,0
153.32,8,0,0,0
54.64,14,0,1,0
78.39,19,0,2,0
61.75,14,0,1,0
54.48,8,0,1,0
175.28,20,1,1,0
50.5,19,0,1,0
112.79,19,0,2,0
6.04,19,0,1,0
13.3,8,0,2,0
26.23,21,0,0,0
92.39,8,0,1,0
52.76,19,1,2,0
129.03,10,0,1,0
27.11,8,0,0,0
348.01,10,0,2,0
91.7,17,0,0,0
225.79,21,1,0,0
13.6,18,0,1,0
28.26,9,0,2,0
64.99,18,0,0,0
88.09,14,1,0,0
108.84,18,0,0,0
1.56,12,0,2,0
173.45,10,0,3,0
140.14,16,0,1,0
406.84,15,0,0,0
29.53,8,0,0,0
113.9,17,0,0,0
116.09,14,0,1,0
69.92,17,0,1,0
13.69,13,0,1,0
30.08,10,0,0,0
634.31,16,0,1,0
292.73,8,1,1,0
137.48,21,0,1,0
115.52,21,0,1,0
220.67,11,0,2,0
30.71,21,0,1,0
15.77,18,0,0,0
14.32,16,0,0,0
67.0,14,0,3,0
311.15,17,0,1,0
66.63,8,0,1,0
158.54,19,0,0,0
168.05,9,0,2,0
37.29,12,0,0,0
50.7,13,0,1,0
12.66,8,0,1,0
118.57,12,0,1,0
383.09,20,0,1,0
34.54,13,1,0,0
137.23,21,0,2,0
82.71,13,0,1,0
16.51,12,0,2,0
185.73,14,0,0,0
25.11,9,0,1,0
33.35,16,0,3,0
56.84,13,0,1,0
76.68,9,1,2,0
184.5,21,0,1,0
59.6,21,0,3,0
64.92,17,0,2,0
11.95,14,0,1,0
241.47,20,0,1,0
37.38,18,0,0,0
54.52,17,0,1,0
146.99,20,0,2,0
37.13,17,0,2,0
22.91,14,0,1,0
80.05,8,0,0,0
79.95,21,0,0,0
11.35,9,0,1,0
199.91,17,0,1,0
9.27,11,0,2,0
269.65,13,0,3,0
286.98,19,0,2,0
244.87,13,0,1,0
194.4,20,1,3,0
137.22,9,0,0,0
160.1,12,0,0,0
38.16,10,0,0,0
11.01,18,0,0,0
48.48,19,0,1,0
14.44,19,1,3,0
167.58,10,0,2,0
4.93,19,0,3,0
595.9,21,0,2,0
58.17,11,0,0,0
464.91,13,0,2,0
109.97,13,0,0,0
304.84,10,0,0,0
83.63,10,0,0,0
109.83,14,0,0,0
217.61,11,0,2,0
30.64,8,0,0,0
17.69,17,0,3,0
268.05,13,0,2,0
69.07,12,0,1,0
4.09,13,0,0,0
33.67,13,0,2,0
34.22,16,0,0,0
13.4,19,0,0,0
286.53,18,1,1,0
22.09,18,0,2,0
75.91,9,1,2,0
5.3,20,0,1,0
111.34,20,0,1,0
277.64,11,1,3,0
75.84,17,0,0,0
102.35,17,0,1,0
185.27,12,0,4,0
128.44,11,0,1,0
22.27,20,1,0,0
4.03,10,0,1,0
387.05,10,0,1,0
82.22,16,0,1,0
150.1,16,0,0,0
54.9,10,0,1,0
48.35,18,0,1,0
20.5,19,0,0,0
193.8,14,0,0,0
176.78,20,1,3,0
11.19,12,0,0,0
64.23,11,1,3,0
97.94,11,0,0,0
256.19,15,0,1,0
39.59,12,0,2,0
76.45,14,0,2,0
52.31,13,0,1,0
22.98,16,0,1,0
59.42,9,0,0,0
6.83,9,0,0,0
214.5,21,0,3,0
172.12,11,0,0,0
48.91,17,0,0,0
55.35,15,0,0,0
70.9,17,0,1,0
154.16,17,1,1,0
427.09,9,0,0,0
18.06,19,0,1,0
208.26,11,0,3,0
27.31,19,0,2,0
214.76,17,0,1,0
19.33,12,0,2,0
80.84,15,0,4,0
125.34,17,0,0,0
126.43,16,0,0,0
79.23,21,0,1,0
532.45,19,0,2,0
100.85,15,0,2,0
167.8,15,0,1,0
25.11,15,1,1,0
10.42,14,0,0,0
118.85,17,0,1,0
79.9,12,0,2,0
21.35,18,0,2,0
18.39,19,0,0,0
269.9,13,0,4,0
2.88,8,0,0,0
45.29,10,0,1,0
0.68,19,0,1,0
33.63,8,0,0,0
179.38,17,1,1,0
31.33,17,0,0,0
35.25,10,0,1,0
47.21,14,0,0,0
124.52,12,0,1,0
24.65,18,0,1,0
61.09,18,0,1,0
2.87,12,0,3,0
53.12,16,1,0,0
6.06,14,0,1,0
39.14,12,0,1,0
10.68,21,0,1,0
365.21,20,0,2,0
1.52,17,0,2,0
92.53,8,0,1,0
8.2,20,0,2,0
47.3,18,0,0,0
157.24,8,0,0,0
31.46,12,1,1,0
187.8,19,1,1,0
62.33,10,0,4,0
15.86,14,1,1,0
26.74,12,0,1,0
59.89,17,0,1,0
205.29,21,0,1,0
14.53,14,0,1,0
21.75,9,0,2,0
71.83,16,0,1,0
163.88,20,0,2,0
154.08,10,0,1,0
110.73,12,0,2,0
18.16,8,0,0,0
101.94,12,0,1,0
161.74,8,0,1,0
88.91,9,0,1,0
93.13,15,0,0,0
222.73,12,0,0,0
4.43,8,0,1,0
11.18,12,1,2,0
178.81,11,1,0,0
38.41,12,0,2,0
87.23,16,0,1,0
45.01,19,0,0,0
42.58,19,0,2,0
130.48,19,0,0,0
31.93,15,0,3,0
72.14,21,0,2,0
163.19,17,0,1,0
398.99,11,0,3,0
4.46,12,0,1,0
62.14,8,1,1,0
83.07,16,0,1,0
20.69,9,0,1,0
91.93,15,0,1,0
112.07,14,0,0,0
201.54,21,0,2,0
217.44,9,0,1,0
146.92,12,0,0,0
55.59,11,1,1,0
98.76,16,1,2,0
81.68,15,0,1,0
3.61,12,0,2,0
11.53,17,0,4,0
207.23,16,0,2,0
50.74,12,0,1,0
58.52,8,0,2,0
81.69,21,0,1,0
27.01,17,0,2,0
116.65,16,0,0,0
82.69,14,0,0,0
5.16,10,0,1,0
128.45,8,0,0,0
78.67,11,1,1,0
76.23,16,0,2,0
502.43,17,0,0,0
23.1,8,0,1,0
38.99,8,0,0,0
113.98,14,0,1,0
30.36,17,0,1,0
335.09,9,0,3,0
169.87,21,0,1,0
35.09,15,0,0,0
314.35,8,1,0,0
116.82,12,0,3,0
51.29,15,0,3,0
329.56,9,0,1,0
30.76,8,0,2,0
144.41,8,0,1,0
100.06,11,0,0,0
150.14,15,0,1,0
63.64,13,0,0,0
73.01,9,0,1,0
1.41,15,0,3,0
145.8,11,0,0,0
7.95,14,0,0,0
46.49,14,0,1,0
45.36,13,0,0,0
247.3,14,0,1,0
22.22,11,0,2,0
250.96,14,0,2,0
12.1,21,0,1,0
137.74,10,1,1,0
15.78,19,0,1,0
205.91,8,0,0,0
115.23,17,0,0,0
318.54,13,0,1,0
6.57,17,0,1,0
28.6,17,1,1,0
78.15,20,0,1,0
24.38,8,0,4,0
17.24,15,1,2,0
187.4,18,0,1,0
120.35,9,1,1,0
31.92,18,0,0,0
49.19,21,0,0,0
151.38,10,0,1,0
90.08,11,0,0,0
56.16,14,0,3,0
156.82,12,1,1,0
7.1,13,0,1,0
45.58,17,0,0,0
61.49,15,0,0,0
179.52,10,0,0,0
74.05,10,0,2,0
282.28,13,0,1,0
8.03,12,0,0,0
730.1,8,0,0,0
458.18,11,0,0,0
165.48,12,0,2,0
208.23,18,0,0,0
200.92,10,0,2,0
16.38,13,0,3,0
264.83,12,0,1,0
112.59,18,0,1,0
90.91,14,0,1,0
449.66,19,0,0,0
29.33,17,0,1,0
496.34,17,1,1,0
550.97,15,0,1,0
250.85,14,0,0,0
28.53,13,0,3,0
0.88,20,0,1,0
55.57,14,0,0,0
245.4,17,0,1,0
156.31,10,0,3,0
26.96,11,0,0,0
43.72,10,0,1,0
69.35,8,0,2,0
50.2,9,0,1,0
250.31,17,0,0,0
55.1,13,0,1,0
32.62,21,1,3,0
61.99,18,0,1,0
93.55,17,0,3,0
75.63,14,0,1,0
197.72,9,0,2,0
37.11,11,0,0,0
346.04,13,0,2,0
145.99,21,0,1,0
36.85,18,0,0,0
119.31,21,0,0,0
599.97,9,0,1,0
269.58,12,0,0,0
114.09,14,0,2,0
19.32,19,0,1,0
29.94,14,0,1,0
47.65,15,0,1,0
100.9,20,1,0,0
72.78,18,1,0,0
49.94,20,0,2,0
37.01,13,0,2,0
16.21,9,0,0,0
137.08,11,0,1,0
30.39,16,0,2,0
10.65,17,0,1,0
29.08,11,0,2,0
11.17,10,0,2,0
160.92,8,0,0,0
29.09,17,0,0,0
15.56,12,0,2,0
32.5,13,0,0,0
261.56,16,0,2,0
94.79,11,0,1,0
171.12,8,0,2,0
243.59,13,0,3,0
214.6,18,0,0,0
140.88,13,0,1,0
51.03,12,0,0,0
82.18,13,0,0,0
40.69,16,0,1,0
34.36,21,0,1,0
74.26,16,0,1,0
19.1,21,1,0,0
195.85,10,0,0,0
71.15,17,0,0,0
226.14,16,0,0,0
11.94,14,0,2,0
17.53,19,1,4,0
59.86,17,0,1,0
98.68,17,0,0,0
105.56,17,0,1,0
237.59,10,0,1,0
174.11,19,0,0,0
120.95,18,0,4,0
75.92,14,1,1,0
67.28,15,0,0,0
80.57,20,0,2,0
167.24,10,0,1,0
34.33,13,0,1,0
215.39,20,0,1,0
46.84,14,0,3,0
35.49,8,0,2,0
181.57,21,0,0,0
115.21,17,0,1,0
135.89,20,0,0,0
182.01,12,0,1,0
56.54,18,0,2,0
71.11,19,0,1,0
76.36,15,1,3,0
58.83,11,0,0,0
21.45,12,0,0,0
14.2,9,0,1,0
35.37,14,0,1,0
466.33,14,0,1,0
6.51,9,0,0,0
108.21,12,0,0,0
80.08,12,0,0,0
13.13,21,0,1,0
92.49,13,0,0,0
22.96,16,0,3,0
103.35,14,0,0,0
135.26,13,0,0,0
280.74,10,0,2,0
94.0,21,0,1,0
212.5,11,0,2,0
15.87,17,0,2,0
201.32,18,1,2,0
17.61,19,0,0,0
31.95,19,0,0,0
165.02,10,0,1,0
95.73,8,0,2,0
77.47,19,0,1,0
162.61,14,0,0,0
31.87,15,0,2,0
261.36,20,0,1,0
31.89,14,0,1,0
27.42,19,0,1,0
47.38,15,0,3,0
136.61,13,0,1,0
53.17,19,0,2,0
132.82,17,0,2,0
219.36,19,0,3,0
516.58,20,0,0,0
197.9,18,0,1,0
192.0,11,0,0,0
54.77,17,0,0,0
32.56,20,0,2,0
203.59,14,0,1,0
396.81,15,0,0,0
33.02,19,1,2,0
267.45,10,0,0,0
101.33,8,0,0,0
76.22,11,0,3,0
66.26,15,0,1,0
441.93,21,0,3,0
36.91,13,0,1,0
7.96,11,0,0,0
92.84,21,0,0,0
104.3,21,0,1,0
77.11,19,0,1,0
136.43,16,0,0,0
4.68,16,1,0,0
271.24,13,0,0,0
81.6,17,0,0,0
5.03,18,1,1,0
495.13,16,0,2,0
3.28,21,0,1,0
156.07,18,0,0,0
60.63,12,0,0,0
40.05,8,0,1,0
84.64,9,0,1,0
54.62,9,0,0,0
17.17,11,0,0,0
55.11,17,0,0,0
119.68,12,0,0,0
275.0,9,0,2,0
116.66,20,0,2,0
169.86,11,0,2,0
150.77,19,0,2,0
0.46,13,1,0,0
376.95,16,0,0,0
170.37,8,0,2,0
38.83,10,0,0,0
161.79,15,0,0,0
34.85,16,0,3,0
14.53,14,1,0,0
24.5,12,0,2,0
8.27,17,0,0,0
62.79,15,0,2,0
108.6,9,0,0,0
76.41,11,0,1,0
74.12,12,0,1,0
44.52,9,0,0,0
73.57,17,0,2,0
48.08,18,0,1,0
60.52,15,1,2,0
44.51,10,0,0,0
300.5,21,0,0,0
182.84,12,0,0,0
21.04,18,0,1,0
77.26,11,1,1,0
282.8,13,0,0,0
87.85,10,0,0,0
30.41,15,0,3,0
102.66,13,0,0,0
31.82,11,1,1,0
177.94,10,0,1,0
165.71,20,0,0,0
104.52,15,0,0,0
152.47,11,0,1,0
17.69,13,1,1,0
26.86,14,0,1,0
39.89,14,0,2,0
10.06,18,0,1,0
170.6,14,0,2,0
97.17,14,0,2,0
0.13,13,0,1,0
40.29,13,1,1,0
102.57,13,0,0,0
114.14,21,0,2,0
123.67,13,0,1,0
250.93,19,0,1,0
12.78,11,0,0,0
48.3,13,0,1,0
22.88,19,0,3,0
175.57,18,0,1,0
3.85,12,0,0,0
18.71,8,0,1,0
66.59,17,0,4,0
4.07,21,0,2,0
69.86,16,0,1,0
425.98,19,0,1,0
262.04,13,0,1,0
21.16,19,1,1,0
56.79,17,0,1,0
54.38,19,0,0,0
15.68,20,1,2,0
199.66,21,0,2,0
116.12,19,0,2,0
284.76,12,0,3,0
168.93,21,1,0,0
62.62,15,0,1,0
37.51,8,0,1,0
73.67,13,0,2,0
110.4,14,0,1,0
48.69,8,0,0,0
31.17,21,0,0,0
215.7,21,0,1,0
96.49,19,0,0,0
98.4,13,0,0,0
86.84,16,0,0,0
195.88,10,0,1,0
120.85,10,0,0,0
82.53,20,0,1,0
80.26,17,0,0,0
473.15,15,0,2,0
63.62,14,0,0,0
76.71,13,1,1,0
124.76,10,0,0,0
641.35,19,0,0,0
79.12,12,1,1,0
137.58,11,0,0,0
19.3,10,0,1,0
190.53,15,0,0,0
46.05,19,0,1,0
107.68,16,0,2,0
62.31,11,0,3,0
136.43,8,1,2,0
6.63,13,0,1,0
477.23,3,1,7,1
1652.76,4,0,10,1
3076.68,2,1,8,1
2199.36,4,0,12,1
1362.37,0,1,4,1
1065.13,3,1,8,1
318.5,0,1,5,0
3710.88,5,1,15,1
258.11,5,1,8,1
5771.22,1,1,6,1
747.24,0,1,5,0
4232.85,3,1,11,1
1440.64,2,0,7,1
6.14,2,1,11,1
1958.32,2,1,14,1
8.74,0,1,13,1
449.66,2,1,4,0
2420.95,0,0,4,1
0.04,4,1,8,1
4099.55,3,1,12,1
487.95,5,0,5,0
2611.72,5,1,10,1
895.35,2,1,8,1
4325.52,3,1,10,1
1549.57,0,0,4,1
687.23,1,0,8,1
4083.79,1,1,4,1
764.29,3,1,12,1
284.45,4,1,12,1
3945.34,5,1,8,1
3165.66,5,1,16,1
2222.65,4,0,7,1
3345.55,2,1,6,1
2273.74,1,0,6,1
4591.58,1,1,14,1
291.11,2,0,8,1
2434.14,1,1,5,1
2349.55,4,1,5,1
2285.63,5,1,7,1
540.24,2,1,9,1
1192.65,4,1,8,1
2324.91,3,1,10,1
2556.78,2,1,7,1
1763.34,0,1,6,1
354.27,4,1,9,1
8293.43,3,1,10,1
581.46,3,1,11,1
3125.6,1,0,11,1
3218.27,0,1,7,1
1241.01,4,1,8,1
